Perfil
t θ
0.0 5.7
0.001 5.8
0.002 5.8
0.003 5.8
0.004 5.8
0.005 5.9
0.006 5.9
0.007 5.9
0.008 5.9
0.009 5.9
0.01 5.9
0.011 5.9
0.012 5.9
0.013 5.9
0.014 5.9
0.015 5.9
0.016 5.9
0.017 5.9
0.018 5.9
0.019 5.9
0.02 5.9
0.021 5.9
0.022 5.8
0.023 5.8
0.024 5.7
0.025 5.7
0.026 5.6
0.027 5.6
0.028 5.5
0.029 5.4
0.03 5.4
0.031 5.3
0.032 5.2
0.033 5.1
0.034 5.0
0.035 4.9
0.036 4.8
0.037 4.7
0.038 4.7
0.039 4.5
0.04 4.4
0.041 4.3
0.042 4.2
0.043 4.1
0.044 4.0
0.045 3.8
0.046 3.7
0.047 3.6
0.048 3.5
0.049 3.3
0.05 3.2
0.051 3.1
0.052 3.0
0.053 2.8
0.054 2.7
0.055 2.6
0.056 2.4
0.057 2.3
0.058 2.2
0.059 2.1
0.06 1.9
0.061 1.8
0.062 1.6
0.063 1.5
0.064 1.4
0.065 1.2
0.066 1.1
0.067 1.0
0.068 0.9
0.069 0.7
0.07 0.7
0.071 0.5
0.072 0.5
0.073 0.4
0.074 0.3
0.075 0.3
0.076 0.3
0.077 0.2
0.078 0.2
0.079 0.2
0.08 0.2
0.081 0.2
0.082 0.2
0.083 0.3
0.084 0.3
0.085 0.4
0.086 0.5
0.087 0.5
0.088 0.6
0.089 0.7
0.09 0.8
0.091 0.9
0.092 1.0
0.093 1.0
0.094 1.2
0.095 1.2
0.096 1.3
0.097 1.4
0.098 1.5
0.099 1.6
0.1 1.7
0.101 1.8
0.102 1.9
0.103 1.9
0.104 2.0
0.105 2.0
0.106 2.1
0.107 2.1
0.108 2.2
0.109 2.3
0.11 2.3
0.111 2.3
0.112 2.3
0.113 2.3
0.114 2.3
0.115 2.3
0.116 2.3
0.117 2.3
0.118 2.3
0.119 2.3
0.12 2.3
0.121 2.3
0.122 2.3
0.123 2.2
0.124 2.2
0.125 2.2
0.126 2.1
0.127 2.0
0.128 2.0
0.129 1.9
0.13 1.9
0.131 1.9
0.132 1.7
0.133 1.7
0.134 1.6
0.135 1.6
0.136 1.5
0.137 1.4
0.138 1.3
0.139 1.2
0.14 1.1
0.141 1.0
0.142 0.9
0.143 0.8
0.144 0.7
0.145 0.6
0.146 0.5
0.147 0.5
0.148 0.4
0.149 0.3
0.15 0.2
0.151 0.2
0.152 0.1
0.153 0.1
0.154 0.0
0.155 -0.0
0.156 -0.0
0.157 -0.0
0.158 -0.0
0.159 -0.0
0.16 -0.0
0.161 -0.0
0.162 0.0
0.163 0.0
0.164 0.1
0.165 0.2
0.166 0.2
0.167 0.3
0.168 0.4
0.169 0.4
0.17 0.5
0.171 0.6
0.172 0.7
0.173 0.8
0.174 0.9
0.175 1.0
0.176 1.1
0.177 1.2
0.178 1.3
0.179 1.4
0.18 1.4
0.181 1.6
0.182 1.6
0.183 1.7
0.184 1.8
0.185 1.9
0.186 1.9
0.187 2.0
0.188 2.0
0.189 2.1
0.19 2.2
0.191 2.2
0.192 2.3
0.193 2.3
0.194 2.3
0.195 2.4
0.196 2.4
0.197 2.4
0.198 2.4
0.199 2.4
0.2 2.5
0.201 2.5
0.202 2.5
0.203 2.5
0.204 2.4
0.205 2.4
0.206 2.4
0.207 2.4
0.208 2.4
0.209 2.4
0.21 2.4
0.211 2.4
0.212 2.4
0.213 2.3
0.214 2.3
0.215 2.3
0.216 2.2
0.217 2.2
0.218 2.1
0.219 2.1
0.22 2.1
0.221 2.0
0.222 1.9
0.223 1.9
0.224 1.9
0.225 1.8
0.226 1.8
0.227 1.7
0.228 1.7
0.229 1.7
0.23 1.6
0.231 1.6
0.232 1.6
0.233 1.6
0.234 1.6
0.235 1.6
0.236 1.6
0.237 1.6
0.238 1.6
0.239 1.6
0.24 1.6
0.241 1.6
0.242 1.6
0.243 1.6
0.244 1.7
0.245 1.7
0.246 1.8
0.247 1.9
0.248 1.9
0.249 1.9
0.25 2.0
0.251 2.1
0.252 2.2
0.253 2.2
0.254 2.3
0.255 2.4
0.256 2.4
0.257 2.5
0.258 2.6
0.259 2.6
0.26 2.7
0.261 2.8
0.262 2.9
0.263 2.9
0.264 3.0
0.265 3.1
0.266 3.1
0.267 3.2
0.268 3.3
0.269 3.3
0.27 3.3
0.271 3.4
0.272 3.5
0.273 3.5
0.274 3.5
0.275 3.6
0.276 3.6
0.277 3.6
0.278 3.7
0.279 3.7
0.28 3.7
0.281 3.7
0.282 3.7
0.283 3.7
0.284 3.7
0.285 3.8
0.286 3.8
0.287 3.8
0.288 3.8
0.289 3.8
0.29 3.8
0.291 3.8
0.292 3.8
0.293 3.8
0.294 3.8
0.295 3.8
0.296 3.8
0.297 3.7
0.298 3.7
0.299 3.7
0.3 3.6
0.301 3.6
0.302 3.6
0.303 3.6
0.304 3.5
0.305 3.5
0.306 3.5
0.307 3.4
0.308 3.4
0.309 3.3
0.31 3.3
0.311 3.3
0.312 3.3
0.313 3.2
0.314 3.2
0.315 3.1
0.316 3.1
0.317 3.1
0.318 3.0
0.319 3.0
0.32 3.0
0.321 2.9
0.322 2.9
0.323 2.9
0.324 2.9
0.325 2.9
0.326 2.9
0.327 2.9
0.328 2.8
0.329 2.8
0.33 2.8
0.331 2.8
0.332 2.8
0.333 2.8
0.334 2.8
0.335 2.8
0.336 2.8
0.337 2.8
0.338 2.9
0.339 2.9
0.34 2.9
0.341 3.0
0.342 3.0
0.343 3.0
0.344 3.0
0.345 3.1
0.346 3.1
0.347 3.1
0.348 3.2
0.349 3.2
0.35 3.2
0.351 3.3
0.352 3.3
0.353 3.3
0.354 3.3
0.355 3.4
0.356 3.4
0.357 3.5
0.358 3.5
0.359 3.5
0.36 3.5
0.361 3.5
0.362 3.5
0.363 3.5
0.364 3.5
0.365 3.5
0.366 3.5
0.367 3.5
0.368 3.5
0.369 3.5
0.37 3.5
0.371 3.5
0.372 3.5
0.373 3.5
0.374 3.5
0.375 3.5
0.376 3.5
0.377 3.5
0.378 3.5
0.379 3.5
0.38 3.4
0.381 3.4
0.382 3.4
0.383 3.4
0.384 3.3
0.385 3.3
0.386 3.3
0.387 3.3
0.388 3.3
0.389 3.2
0.39 3.2
0.391 3.1
0.392 3.1
0.393 3.1
0.394 3.1
0.395 3.0
0.396 3.0
0.397 2.9
0.398 2.9
0.399 2.9
0.4 2.8
0.401 2.8
0.402 2.8
0.403 2.8
0.404 2.7
0.405 2.7
0.406 2.7
0.407 2.6
0.408 2.6
0.409 2.6
0.41 2.6
0.411 2.6
0.412 2.6
0.413 2.6
0.414 2.6
0.415 2.6
0.416 2.6
0.417 2.6
0.418 2.6
0.419 2.6
0.42 2.6
0.421 2.6
0.422 2.6
0.423 2.6
0.424 2.6
0.425 2.6
0.426 2.7
0.427 2.7
0.428 2.7
0.429 2.8
0.43 2.8
0.431 2.8
0.432 2.8
0.433 2.9
0.434 2.9
0.435 3.0
0.436 3.0
0.437 3.0
0.438 3.0
0.439 3.1
0.44 3.1
0.441 3.1
0.442 3.2
0.443 3.2
0.444 3.2
0.445 3.3
0.446 3.3
0.447 3.3
0.448 3.3
0.449 3.4
0.45 3.4
0.451 3.4
0.452 3.5
0.453 3.5
0.454 3.5
0.455 3.5
0.456 3.5
0.457 3.5
0.458 3.5
0.459 3.5
0.46 3.5
0.461 3.5
0.462 3.5
0.463 3.5
0.464 3.5
0.465 3.5
0.466 3.5
0.467 3.4
0.468 3.4
0.469 3.4
0.47 3.4
0.471 3.4
0.472 3.3
0.473 3.3
0.474 3.3
0.475 3.3
0.476 3.2
0.477 3.2
0.478 3.1
0.479 3.1
0.48 3.1
0.481 3.1
0.482 3.0
0.483 3.0
0.484 3.0
0.485 2.9
0.486 2.9
0.487 2.9
0.488 2.8
0.489 2.8
0.49 2.8
0.491 2.7
0.492 2.7
0.493 2.6
0.494 2.6
0.495 2.6
0.496 2.6
0.497 2.6
0.498 2.6
0.499 2.5
0.5 2.5
0.501 2.5
0.502 2.5
0.503 2.6
0.504 2.6
0.505 2.6
0.506 2.6
0.507 2.6
0.508 2.6
0.509 2.6
0.51 2.6
0.511 2.6
0.512 2.6
0.513 2.6
0.514 2.6
0.515 2.7
0.516 2.7
0.517 2.8
0.518 2.8
0.519 2.8
0.52 2.9
0.521 2.9
0.522 2.9
0.523 3.0
0.524 3.0
0.525 3.0
0.526 3.1
0.527 3.1
0.528 3.1
0.529 3.2
0.53 3.2
0.531 3.3
0.532 3.3
0.533 3.3
0.534 3.3
0.535 3.3
0.536 3.4
0.537 3.5
0.538 3.5
0.539 3.5
0.54 3.5
0.541 3.5
0.542 3.5
0.543 3.5
0.544 3.5
0.545 3.6
0.546 3.6
0.547 3.6
0.548 3.6
0.549 3.6
0.55 3.6
0.551 3.6
0.552 3.6
0.553 3.6
0.554 3.6
0.555 3.6
0.556 3.6
0.557 3.6
0.558 3.6
0.559 3.6
0.56 3.6
0.561 3.6
0.562 3.6
0.563 3.6
0.564 3.6
0.565 3.6
0.566 3.5
0.567 3.5
0.568 3.5
0.569 3.5
0.57 3.4
0.571 3.4
0.572 3.4
0.573 3.4
0.574 3.3
0.575 3.3
0.576 3.3
0.577 3.3
0.578 3.3
0.579 3.3
0.58 3.2
0.581 3.2
0.582 3.2
0.583 3.2
0.584 3.2
0.585 3.2
0.586 3.2
0.587 3.1
0.588 3.1
0.589 3.1
0.59 3.1
0.591 3.1
0.592 3.1
0.593 3.1
0.594 3.1
0.595 3.1
0.596 3.1
0.597 3.1
0.598 3.1
0.599 3.1
0.6 3.1
0.601 3.2
0.602 3.2
0.603 3.2
0.604 3.2
0.605 3.2
0.606 3.2
0.607 3.3
0.608 3.3
0.609 3.3
0.61 3.3
0.611 3.3
0.612 3.3
0.613 3.4
0.614 3.4
0.615 3.4
0.616 3.4
0.617 3.5
0.618 3.5
0.619 3.5
0.62 3.5
0.621 3.5
0.622 3.5
0.623 3.5
0.624 3.5
0.625 3.5
0.626 3.5
0.627 3.5
0.628 3.5
0.629 3.5
0.63 3.5
0.631 3.5
0.632 3.5
0.633 3.5
0.634 3.5
0.635 3.5
0.636 3.5
0.637 3.5
0.638 3.5
0.639 3.5
0.64 3.5
0.641 3.4
0.642 3.4
0.643 3.4
0.644 3.4
0.645 3.4
0.646 3.4
0.647 3.3
0.648 3.3
0.649 3.3
0.65 3.3
0.651 3.2
0.652 3.2
0.653 3.1
0.654 3.1
0.655 3.1
0.656 3.1
0.657 3.0
0.658 3.0
0.659 2.9
0.66 2.9
0.661 2.9
0.662 2.8
0.663 2.8
0.664 2.8
0.665 2.7
0.666 2.7
0.667 2.6
0.668 2.6
0.669 2.6
0.67 2.6
0.671 2.5
0.672 2.5
0.673 2.5
0.674 2.4
0.675 2.4
0.676 2.4
0.677 2.4
0.678 2.4
0.679 2.4
0.68 2.4
0.681 2.4
0.682 2.4
0.683 2.4
0.684 2.4
0.685 2.4
0.686 2.4
0.687 2.4
0.688 2.4
0.689 2.4
0.69 2.4
0.691 2.4
0.692 2.4
0.693 2.4
0.694 2.4
0.695 2.4
0.696 2.4
0.697 2.5
0.698 2.5
0.699 2.5
0.7 2.5
0.701 2.5
0.702 2.6
0.703 2.6
0.704 2.6
0.705 2.6
0.706 2.6
0.707 2.6
0.708 2.7
0.709 2.7
0.71 2.7
0.711 2.7
0.712 2.8
0.713 2.8
0.714 2.8
0.715 2.8
0.716 2.8
0.717 2.8
0.718 2.8
0.719 2.8
0.72 2.8
0.721 2.9
0.722 2.9
0.723 2.9
0.724 2.9
0.725 2.9
0.726 2.9
0.727 3.0
0.728 3.0
0.729 3.0
0.73 3.0
0.731 3.0
0.732 3.0
0.733 3.0
0.734 3.0
0.735 3.0
0.736 3.0
0.737 3.0
0.738 3.0
0.739 3.0
0.74 3.0
0.741 3.0
0.742 3.0
0.743 3.0
0.744 3.0
0.745 3.0
0.746 3.0
0.747 3.0
0.748 3.0
0.749 3.0
0.75 3.0
0.751 3.0
0.752 3.0
0.753 3.0
0.754 3.0
0.755 3.0
0.756 3.0
0.757 3.0
0.758 3.0
0.759 3.0
0.76 3.0
0.761 3.0
0.762 3.0
0.763 3.0
0.764 3.1
0.765 3.1
0.766 3.1
0.767 3.1
0.768 3.1
0.769 3.2
0.77 3.2
0.771 3.2
0.772 3.2
0.773 3.3
0.774 3.3
0.775 3.3
0.776 3.3
0.777 3.4
0.778 3.4
0.779 3.5
0.78 3.5
0.781 3.5
0.782 3.5
0.783 3.5
0.784 3.6
0.785 3.6
0.786 3.6
0.787 3.7
0.788 3.7
0.789 3.7
0.79 3.7
0.791 3.8
0.792 3.8
0.793 3.8
0.794 3.8
0.795 3.9
0.796 3.9
0.797 3.9
0.798 4.0
0.799 4.0
0.8 4.0
0.801 4.0
0.802 4.0
0.803 4.0
0.804 4.0
0.805 4.0
0.806 4.1
0.807 4.1
0.808 4.1
0.809 4.1
0.81 4.1
0.811 4.1
0.812 4.1
0.813 4.1
0.814 4.2
0.815 4.2
0.816 4.2
0.817 4.2
0.818 4.2
0.819 4.2
0.82 4.2
0.821 4.2
0.822 4.2
0.823 4.1
0.824 4.1
0.825 4.1
0.826 4.1
0.827 4.1
0.828 4.1
0.829 4.1
0.83 4.1
0.831 4.1
0.832 4.1
0.833 4.0
0.834 4.0
0.835 4.0
0.836 4.0
0.837 4.0
0.838 4.0
0.839 3.9
0.84 3.9
0.841 3.9
0.842 3.9
0.843 3.8
0.844 3.8
0.845 3.8
0.846 3.8
0.847 3.8
0.848 3.7
0.849 3.7
0.85 3.7
0.851 3.6
0.852 3.6
0.853 3.6
0.854 3.6
0.855 3.5
0.856 3.5
0.857 3.5
0.858 3.4
0.859 3.4
0.86 3.4
0.861 3.3
0.862 3.3
0.863 3.3
0.864 3.2
0.865 3.2
0.866 3.1
0.867 3.1
0.868 3.1
0.869 3.1
0.87 3.0
0.871 3.0
0.872 2.9
0.873 2.9
0.874 2.9
0.875 2.8
0.876 2.8
0.877 2.8
0.878 2.7
0.879 2.7
0.88 2.6
0.881 2.6
0.882 2.6
0.883 2.5
0.884 2.5
0.885 2.4
0.886 2.4
0.887 2.3
0.888 2.3
0.889 2.3
0.89 2.2
0.891 2.2
0.892 2.1
0.893 2.1
0.894 2.1
0.895 2.0
0.896 1.9
0.897 1.9
0.898 1.9
0.899 1.8
0.9 1.7
0.901 1.7
0.902 1.6
0.903 1.6
0.904 1.5
0.905 1.5
0.906 1.4
0.907 1.4
0.908 1.4
0.909 1.3
0.91 1.2
0.911 1.2
0.912 1.2
0.913 1.1
0.914 1.1
0.915 1.0
0.916 1.0
0.917 0.9
0.918 0.9
0.919 0.9
0.92 0.9
0.921 0.8
0.922 0.8
0.923 0.7
0.924 0.7
0.925 0.7
0.926 0.7
0.927 0.7
0.928 0.6
0.929 0.6
0.93 0.6
0.931 0.6
0.932 0.6
0.933 0.6
0.934 0.6
0.935 0.6
0.936 0.7
0.937 0.7
0.938 0.7
0.939 0.7
0.94 0.7
0.941 0.7
0.942 0.7
0.943 0.7
0.944 0.7
0.945 0.7
0.946 0.7
0.947 0.7
0.948 0.7
0.949 0.7
0.95 0.7
0.951 0.7
0.952 0.8
0.953 0.8
0.954 0.8
0.955 0.8
0.956 0.8
0.957 0.9
0.958 0.9
0.959 0.9
0.96 0.9
0.961 0.9
0.962 0.9
0.963 0.9
0.964 0.9
0.965 0.9
0.966 0.9
0.967 0.9
0.968 0.9
0.969 0.9
0.97 0.9
0.971 0.9
0.972 0.9
0.973 0.9
0.974 0.9
0.975 0.9
0.976 0.9
0.977 0.9
0.978 0.9
0.979 0.9
0.98 0.9
0.981 0.9
0.982 0.9
0.983 0.9
0.984 0.9
0.985 0.9
0.986 0.9
0.987 0.9
0.988 0.9
0.989 0.9
0.99 0.9
0.991 0.9
0.992 0.9
0.993 0.9
0.994 0.9
0.995 0.9
0.996 0.9
0.997 0.9
0.998 0.9
0.999 0.9
1.0 0.9
1.001 0.9
1.002 0.9
1.003 1.0
1.004 1.1
1.005 1.1
1.006 1.1
1.007 1.2
1.008 1.2
1.009 1.2
1.01 1.2
1.011 1.2
1.012 1.3
1.013 1.3
1.014 1.3
1.015 1.4
1.016 1.4
1.017 1.5
1.018 1.5
1.019 1.6
1.02 1.6
1.021 1.6
1.022 1.6
1.023 1.7
1.024 1.7
1.025 1.7
1.026 1.8
1.027 1.8
1.028 1.9
1.029 1.9
1.03 1.9
1.031 1.9
1.032 2.0
1.033 2.0
1.034 2.1
1.035 2.1
1.036 2.1
1.037 2.1
1.038 2.2
1.039 2.2
1.04 2.2
1.041 2.3
1.042 2.3
1.043 2.3
1.044 2.3
1.045 2.3
1.046 2.3
1.047 2.3
1.048 2.3
1.049 2.3
1.05 2.4
1.051 2.4
1.052 2.4
1.053 2.4
1.054 2.5
1.055 2.5
1.056 2.5
1.057 2.5
1.058 2.5
1.059 2.5
1.06 2.5
1.061 2.6
1.062 2.6
1.063 2.6
1.064 2.6
1.065 2.6
1.066 2.6
1.067 2.6
1.068 2.6
1.069 2.7
1.07 2.7
1.071 2.7
1.072 2.8
1.073 2.8
1.074 2.8
1.075 2.8
1.076 2.8
1.077 2.9
1.078 2.9
1.079 2.9
1.08 3.0
1.081 3.0
1.082 3.0
1.083 3.0
1.084 3.1
1.085 3.1
1.086 3.1
1.087 3.1
1.088 3.2
1.089 3.2
1.09 3.2
1.091 3.3
1.092 3.3
1.093 3.3
1.094 3.3
1.095 3.4
1.096 3.4
1.097 3.4
1.098 3.5
1.099 3.5
1.1 3.5
1.101 3.5
1.102 3.5
1.103 3.6
1.104 3.6
1.105 3.6
1.106 3.6
1.107 3.7
1.108 3.7
1.109 3.7
1.11 3.7
1.111 3.7
1.112 3.7
1.113 3.8
1.114 3.8
1.115 3.8
1.116 3.8
1.117 3.8
1.118 3.8
1.119 3.8
1.12 3.8
1.121 3.8
1.122 3.8
1.123 3.8
1.124 3.8
1.125 3.8
1.126 3.8
1.127 3.8
1.128 3.8
1.129 3.8
1.13 3.8
1.131 3.8
1.132 3.8
1.133 3.8
1.134 3.8
1.135 3.8
1.136 3.8
1.137 3.8
1.138 3.8
1.139 3.8
1.14 3.8
1.141 3.8
1.142 3.8
1.143 3.8
1.144 3.8
1.145 3.8
1.146 3.8
1.147 3.8
1.148 3.8
1.149 3.8
1.15 3.8
1.151 3.8
1.152 3.8
1.153 3.8
1.154 3.8
1.155 3.8
1.156 3.8
1.157 3.8
1.158 3.8
1.159 3.8
1.16 3.8
1.161 3.8
1.162 3.8
1.163 3.8
1.164 3.8
1.165 3.8
1.166 3.8
1.167 3.8
1.168 3.8
1.169 3.8
1.17 3.8
1.171 3.8
1.172 3.8
1.173 3.8
1.174 3.8
1.175 3.7
1.176 3.7
1.177 3.7
1.178 3.7
1.179 3.7
1.18 3.6
1.181 3.6
1.182 3.6
1.183 3.6
1.184 3.6
1.185 3.6
1.186 3.5
1.187 3.5
1.188 3.5
1.189 3.5
1.19 3.4
1.191 3.4
1.192 3.3
1.193 3.3
1.194 3.3
1.195 3.3
1.196 3.2
1.197 3.1
1.198 3.1
1.199 3.1
1.2 3.0
1.201 3.0
1.202 3.0
1.203 2.9
1.204 2.9
1.205 2.8
1.206 2.8
1.207 2.7
1.208 2.7
1.209 2.6
1.21 2.6
1.211 2.6
1.212 2.5
1.213 2.4
1.214 2.4
1.215 2.4
1.216 2.3
1.217 2.3
1.218 2.2
1.219 2.2
1.22 2.1
1.221 2.1
1.222 2.0
1.223 2.0
1.224 1.9
1.225 1.9
1.226 1.9
1.227 1.8
1.228 1.8
1.229 1.7
1.23 1.7
1.231 1.6
1.232 1.6
1.233 1.6
1.234 1.5
1.235 1.5
1.236 1.5
1.237 1.5
1.238 1.4
1.239 1.4
1.24 1.4
1.241 1.4
1.242 1.4
1.243 1.3
1.244 1.3
1.245 1.3
1.246 1.3
1.247 1.3
1.248 1.3
1.249 1.3
1.25 1.4
1.251 1.4
1.252 1.4
1.253 1.4
1.254 1.4
1.255 1.4
1.256 1.4
1.257 1.4
1.258 1.4
1.259 1.4
1.26 1.4
1.261 1.4
1.262 1.4
1.263 1.4
1.264 1.5
1.265 1.5
1.266 1.5
1.267 1.5
1.268 1.6
1.269 1.6
1.27 1.6
1.271 1.6
1.272 1.6
1.273 1.6
1.274 1.7
1.275 1.7
1.276 1.7
1.277 1.7
1.278 1.7
1.279 1.7
1.28 1.8
1.281 1.8
1.282 1.8
1.283 1.8
1.284 1.8
1.285 1.8
1.286 1.9
1.287 1.9
1.288 1.9
1.289 1.9
1.29 1.9
1.291 1.9
1.292 1.9
1.293 2.0
1.294 2.0
1.295 2.0
1.296 2.0
1.297 2.1
1.298 2.1
1.299 2.1
1.3 2.1
1.301 2.1
1.302 2.1
1.303 2.1
1.304 2.1
1.305 2.1
1.306 2.2
1.307 2.2
1.308 2.2
1.309 2.3
1.31 2.3
1.311 2.3
1.312 2.3
1.313 2.3
1.314 2.4
1.315 2.4
1.316 2.4
1.317 2.5
1.318 2.5
1.319 2.5
1.32 2.6
1.321 2.6
1.322 2.6
1.323 2.6
1.324 2.7
1.325 2.8
1.326 2.8
1.327 2.8
1.328 2.9
1.329 2.9
1.33 3.0
1.331 3.0
1.332 3.1
1.333 3.1
1.334 3.1
1.335 3.2
1.336 3.3
1.337 3.3
1.338 3.3
1.339 3.4
1.34 3.5
1.341 3.5
1.342 3.6
1.343 3.6
1.344 3.6
1.345 3.7
1.346 3.7
1.347 3.8
1.348 3.8
1.349 3.9
1.35 3.9
1.351 4.0
1.352 4.0
1.353 4.1
1.354 4.1
1.355 4.2
1.356 4.2
1.357 4.2
1.358 4.3
1.359 4.3
1.36 4.4
1.361 4.4
1.362 4.5
1.363 4.5
1.364 4.5
1.365 4.6
1.366 4.6
1.367 4.6
1.368 4.7
1.369 4.7
1.37 4.7
1.371 4.8
1.372 4.8
1.373 4.9
1.374 4.9
1.375 4.9
1.376 4.9
1.377 4.9
1.378 4.9
1.379 5.0
1.38 5.0
1.381 5.0
1.382 5.0
1.383 5.1
1.384 5.1
1.385 5.1
1.386 5.1
1.387 5.1
1.388 5.1
1.389 5.2
1.39 5.2
1.391 5.2
1.392 5.2
1.393 5.2
1.394 5.2
1.395 5.2
1.396 5.2
1.397 5.2
1.398 5.2
1.399 5.2
1.4 5.2
1.401 5.2
1.402 5.2
1.403 5.2
1.404 5.2
1.405 5.2
1.406 5.2
1.407 5.2
1.408 5.2
1.409 5.1
1.41 5.1
1.411 5.1
1.412 5.1
1.413 5.0
1.414 5.0
1.415 5.0
1.416 5.0
1.417 4.9
1.418 4.9
1.419 4.9
1.42 4.8
1.421 4.8
1.422 4.7
1.423 4.7
1.424 4.6
1.425 4.6
1.426 4.5
1.427 4.5
1.428 4.4
1.429 4.3
1.43 4.3
1.431 4.2
1.432 4.1
1.433 4.0
1.434 4.0
1.435 3.9
1.436 3.8
1.437 3.7
1.438 3.6
1.439 3.5
1.44 3.4
1.441 3.3
1.442 3.3
1.443 3.1
1.444 3.0
1.445 2.9
1.446 2.8
1.447 2.6
1.448 2.6
1.449 2.4
1.45 2.3
1.451 2.1
1.452 2.0
1.453 1.9
1.454 1.7
1.455 1.6
1.456 1.4
1.457 1.3
1.458 1.1
1.459 0.9
1.46 0.8
1.461 0.7
1.462 0.5
1.463 0.4
1.464 0.2
1.465 0.0
1.466 -0.1
1.467 -0.3
1.468 -0.5
1.469 -0.6
1.47 -0.7
1.471 -0.9
1.472 -1.0
1.473 -1.2
1.474 -1.3
1.475 -1.4
1.476 -1.6
1.477 -1.7
1.478 -1.8
1.479 -1.9
1.48 -2.0
1.481 -2.1
1.482 -2.2
1.483 -2.3
1.484 -2.4
1.485 -2.5
1.486 -2.6
1.487 -2.6
1.488 -2.7
1.489 -2.8
1.49 -2.9
1.491 -2.9
1.492 -3.0
1.493 -3.0
1.494 -3.1
1.495 -3.2
1.496 -3.2
1.497 -3.3
1.498 -3.3
1.499 -3.3
1.5 -3.4
1.501 -3.4
1.502 -3.5
1.503 -3.5
1.504 -3.6
1.505 -3.6
1.506 -3.7
1.507 -3.7
1.508 -3.8
1.509 -3.9
1.51 -4.0
1.511 -4.0
1.512 -4.1
1.513 -4.2
1.514 -4.3
1.515 -4.3
1.516 -4.5
1.517 -4.5
1.518 -4.7
1.519 -4.8
1.52 -4.9
1.521 -5.0
1.522 -5.1
1.523 -5.3
1.524 -5.4
1.525 -5.5
1.526 -5.7
1.527 -5.8
1.528 -5.9
1.529 -6.0
1.53 -6.2
1.531 -6.3
1.532 -6.5
1.533 -6.6
1.534 -6.7
1.535 -6.9
1.536 -7.1
1.537 -7.2
1.538 -7.3
1.539 -7.5
1.54 -7.6
1.541 -7.8
1.542 -7.9
1.543 -8.1
1.544 -8.2
1.545 -8.3
1.546 -8.5
1.547 -8.6
1.548 -8.7
1.549 -8.9
1.55 -9.0
1.551 -9.2
1.552 -9.3
1.553 -9.4
1.554 -9.6
1.555 -9.7
1.556 -9.9
1.557 -10.1
1.558 -10.2
1.559 -10.4
1.56 -10.5
1.561 -10.7
1.562 -10.8
1.563 -11.0
1.564 -11.1
1.565 -11.3
1.566 -11.5
1.567 -11.6
1.568 -11.8
1.569 -12.0
1.57 -12.2
1.571 -12.3
1.572 -12.5
1.573 -12.6
1.574 -12.8
1.575 -12.9
1.576 -13.1
1.577 -13.2
1.578 -13.3
1.579 -13.4
1.58 -13.6
1.581 -13.7
1.582 -13.8
1.583 -13.9
1.584 -14.0
1.585 -14.1
1.586 -14.2
1.587 -14.3
1.588 -14.4
1.589 -14.5
1.59 -14.6
1.591 -14.7
1.592 -14.7
1.593 -14.8
1.594 -14.9
1.595 -14.9
1.596 -15.0
1.597 -15.0
1.598 -15.1
1.599 -15.1
1.6 -15.1
1.601 -15.2
1.602 -15.2
1.603 -15.2
1.604 -15.2
1.605 -15.3
1.606 -15.3
1.607 -15.3
1.608 -15.2
1.609 -15.2
1.61 -15.2
1.611 -15.2
1.612 -15.2
1.613 -15.1
1.614 -15.1
1.615 -15.1
1.616 -15.0
1.617 -14.9
1.618 -14.8
1.619 -14.7
1.62 -14.7
1.621 -14.6
1.622 -14.5
1.623 -14.4
1.624 -14.2
1.625 -14.1
1.626 -14.0
1.627 -13.8
1.628 -13.7
1.629 -13.6
1.63 -13.4
1.631 -13.3
1.632 -13.1
1.633 -12.9
1.634 -12.8
1.635 -12.6
1.636 -12.4
1.637 -12.2
1.638 -12.0
1.639 -11.8
1.64 -11.6
1.641 -11.4
1.642 -11.2
1.643 -10.9
1.644 -10.7
1.645 -10.5
1.646 -10.2
1.647 -10.0
1.648 -9.8
1.649 -9.5
1.65 -9.3
1.651 -9.0
1.652 -8.8
1.653 -8.5
1.654 -8.3
1.655 -8.1
1.656 -7.8
1.657 -7.6
1.658 -7.3
1.659 -7.1
1.66 -6.9
1.661 -6.6
1.662 -6.4
1.663 -6.2
1.664 -5.9
1.665 -5.7
1.666 -5.5
1.667 -5.3
1.668 -5.1
1.669 -4.9
1.67 -4.7
1.671 -4.5
1.672 -4.4
1.673 -4.2
1.674 -4.1
1.675 -4.0
1.676 -3.8
1.677 -3.7
1.678 -3.6
1.679 -3.6
1.68 -3.5
1.681 -3.5
1.682 -3.5
1.683 -3.4
1.684 -3.5
1.685 -3.5
1.686 -3.5
1.687 -3.5
1.688 -3.6
1.689 -3.7
1.69 -3.8
1.691 -3.8
1.692 -4.0
1.693 -4.1
1.694 -4.2
1.695 -4.4
1.696 -4.5
1.697 -4.7
1.698 -4.9
1.699 -5.0
1.7 -5.2
1.701 -5.4
1.702 -5.6
1.703 -5.7
1.704 -5.9
1.705 -6.1
1.706 -6.3
1.707 -6.5
1.708 -6.7
1.709 -6.9
1.71 -7.1
1.711 -7.3
1.712 -7.5
1.713 -7.7
1.714 -7.9
1.715 -8.0
1.716 -8.2
1.717 -8.4
1.718 -8.6
1.719 -8.7
1.72 -8.9
1.721 -9.1
1.722 -9.2
1.723 -9.4
1.724 -9.6
1.725 -9.7
1.726 -9.9
1.727 -10.1
1.728 -10.2
1.729 -10.4
1.73 -10.6
1.731 -10.7
1.732 -10.9
1.733 -11.0
1.734 -11.2
1.735 -11.3
1.736 -11.5
1.737 -11.6
1.738 -11.8
1.739 -11.9
1.74 -12.1
1.741 -12.2
1.742 -12.4
1.743 -12.5
1.744 -12.6
1.745 -12.8
1.746 -12.9
1.747 -13.0
1.748 -13.1
1.749 -13.3
1.75 -13.4
1.751 -13.5
1.752 -13.6
1.753 -13.7
1.754 -13.8
1.755 -14.0
1.756 -14.0
1.757 -14.2
1.758 -14.3
1.759 -14.4
1.76 -14.4
1.761 -14.5
1.762 -14.6
1.763 -14.7
1.764 -14.7
1.765 -14.8
1.766 -14.9
1.767 -14.9
1.768 -15.0
1.769 -15.0
1.77 -15.1
1.771 -15.1
1.772 -15.1
1.773 -15.2
1.774 -15.2
1.775 -15.1
1.776 -15.2
1.777 -15.2
1.778 -15.2
1.779 -15.1
1.78 -15.1
1.781 -15.1
1.782 -15.1
1.783 -15.1
1.784 -15.1
1.785 -15.1
1.786 -15.0
1.787 -14.9
1.788 -14.9
1.789 -14.8
1.79 -14.8
1.791 -14.7
1.792 -14.7
1.793 -14.6
1.794 -14.5
1.795 -14.4
1.796 -14.3
1.797 -14.2
1.798 -14.1
1.799 -14.0
1.8 -13.9
1.801 -13.8
1.802 -13.6
1.803 -13.5
1.804 -13.4
1.805 -13.2
1.806 -13.1
1.807 -12.9
1.808 -12.8
1.809 -12.6
1.81 -12.4
1.811 -12.2
1.812 -12.0
1.813 -11.8
1.814 -11.6
1.815 -11.4
1.816 -11.1
1.817 -10.9
1.818 -10.7
1.819 -10.5
1.82 -10.3
1.821 -10.0
1.822 -9.8
1.823 -9.5
1.824 -9.3
1.825 -9.0
1.826 -8.8
1.827 -8.5
1.828 -8.3
1.829 -8.0
1.83 -7.7
1.831 -7.5
1.832 -7.2
1.833 -6.9
1.834 -6.6
1.835 -6.4
1.836 -6.1
1.837 -5.9
1.838 -5.6
1.839 -5.4
1.84 -5.1
1.841 -4.9
1.842 -4.6
1.843 -4.4
1.844 -4.2
1.845 -4.0
1.846 -3.8
1.847 -3.6
1.848 -3.5
1.849 -3.3
1.85 -3.2
1.851 -3.1
1.852 -3.0
1.853 -2.9
1.854 -2.9
1.855 -2.9
1.856 -2.9
1.857 -2.9
1.858 -2.9
1.859 -3.0
1.86 -3.0
1.861 -3.1
1.862 -3.2
1.863 -3.3
1.864 -3.5
1.865 -3.6
1.866 -3.8
1.867 -4.0
1.868 -4.2
1.869 -4.3
1.87 -4.5
1.871 -4.7
1.872 -5.0
1.873 -5.2
1.874 -5.4
1.875 -5.7
1.876 -5.9
1.877 -6.1
1.878 -6.4
1.879 -6.6
1.88 -6.9
1.881 -7.1
1.882 -7.3
1.883 -7.6
1.884 -7.8
1.885 -8.0
1.886 -8.3
1.887 -8.5
1.888 -8.7
1.889 -9.0
1.89 -9.2
1.891 -9.4
1.892 -9.6
1.893 -9.8
1.894 -10.0
1.895 -10.2
1.896 -10.4
1.897 -10.6
1.898 -10.8
1.899 -11.0
1.9 -11.2
1.901 -11.4
1.902 -11.6
1.903 -11.8
1.904 -12.0
1.905 -12.2
1.906 -12.3
1.907 -12.5
1.908 -12.7
1.909 -12.9
1.91 -13.0
1.911 -13.2
1.912 -13.3
1.913 -13.5
1.914 -13.6
1.915 -13.8
1.916 -13.9
1.917 -14.0
1.918 -14.2
1.919 -14.3
1.92 -14.4
1.921 -14.5
1.922 -14.6
1.923 -14.7
1.924 -14.8
1.925 -14.9
1.926 -15.0
1.927 -15.1
1.928 -15.2
1.929 -15.3
1.93 -15.3
1.931 -15.4
1.932 -15.5
1.933 -15.5
1.934 -15.5
1.935 -15.6
1.936 -15.6
1.937 -15.6
1.938 -15.7
1.939 -15.7
1.94 -15.7
1.941 -15.7
1.942 -15.7
1.943 -15.7
1.944 -15.7
1.945 -15.7
1.946 -15.6
1.947 -15.6
1.948 -15.6
1.949 -15.6
1.95 -15.5
1.951 -15.5
1.952 -15.4
1.953 -15.3
1.954 -15.3
1.955 -15.2
1.956 -15.1
1.957 -15.0
1.958 -14.9
1.959 -14.8
1.96 -14.7
1.961 -14.6
1.962 -14.5
1.963 -14.3
1.964 -14.2
1.965 -14.0
1.966 -13.9
1.967 -13.7
1.968 -13.5
1.969 -13.3
1.97 -13.1
1.971 -12.9
1.972 -12.7
1.973 -12.5
1.974 -12.3
1.975 -12.1
1.976 -11.9
1.977 -11.7
1.978 -11.4
1.979 -11.1
1.98 -10.9
1.981 -10.6
1.982 -10.4
1.983 -10.1
1.984 -9.9
1.985 -9.6
1.986 -9.3
1.987 -9.0
1.988 -8.7
1.989 -8.4
1.99 -8.2
1.991 -7.8
1.992 -7.5
1.993 -7.2
1.994 -6.9
1.995 -6.6
1.996 -6.3
1.997 -6.0
1.998 -5.6
1.999 -5.3
2.0 -5.0
2.001 -4.7
2.002 -4.4
2.003 -4.1
2.004 -3.8
2.005 -3.5
2.006 -3.3
2.007 -3.1
2.008 -2.8
2.009 -2.6
2.01 -2.4
2.011 -2.2
2.012 -2.1
2.013 -1.9
2.014 -1.9
2.015 -1.8
2.016 -1.7
2.017 -1.7
2.018 -1.7
2.019 -1.7
2.02 -1.8
2.021 -1.9
2.022 -2.0
2.023 -2.2
2.024 -2.3
2.025 -2.5
2.026 -2.7
2.027 -2.9
2.028 -3.2
2.029 -3.4
2.03 -3.7
2.031 -4.0
2.032 -4.2
2.033 -4.5
2.034 -4.8
2.035 -5.1
2.036 -5.4
2.037 -5.7
2.038 -6.1
2.039 -6.4
2.04 -6.7
2.041 -7.1
2.042 -7.4
2.043 -7.7
2.044 -8.0
2.045 -8.3
2.046 -8.7
2.047 -9.0
2.048 -9.3
2.049 -9.6
2.05 -9.9
2.051 -10.2
2.052 -10.5
2.053 -10.8
2.054 -11.1
2.055 -11.4
2.056 -11.7
2.057 -12.0
2.058 -12.3
2.059 -12.6
2.06 -12.9
2.061 -13.1
2.062 -13.4
2.063 -13.7
2.064 -14.0
2.065 -14.2
2.066 -14.5
2.067 -14.7
2.068 -15.0
2.069 -15.2
2.07 -15.4
2.071 -15.7
2.072 -15.9
2.073 -16.1
2.074 -16.3
2.075 -16.5
2.076 -16.7
2.077 -16.9
2.078 -17.1
2.079 -17.3
2.08 -17.5
2.081 -17.6
2.082 -17.8
2.083 -17.9
2.084 -18.0
2.085 -18.1
2.086 -18.2
2.087 -18.3
2.088 -18.4
2.089 -18.4
2.09 -18.4
2.091 -18.4
2.092 -18.5
2.093 -18.4
2.094 -18.4
2.095 -18.4
2.096 -18.4
2.097 -18.3
2.098 -18.2
2.099 -18.1
2.1 -18.0
2.101 -18.0
2.102 -17.8
2.103 -17.7
2.104 -17.6
2.105 -17.4
2.106 -17.3
2.107 -17.1
2.108 -16.9
2.109 -16.8
2.11 -16.6
2.111 -16.4
2.112 -16.2
2.113 -16.0
2.114 -15.8
2.115 -15.6
2.116 -15.4
2.117 -15.1
2.118 -14.9
2.119 -14.7
2.12 -14.4
2.121 -14.2
2.122 -13.9
2.123 -13.7
2.124 -13.4
2.125 -13.1
2.126 -12.9
2.127 -12.6
2.128 -12.3
2.129 -12.0
2.13 -11.7
2.131 -11.3
2.132 -11.0
2.133 -10.7
2.134 -10.3
2.135 -10.0
2.136 -9.6
2.137 -9.3
2.138 -8.9
2.139 -8.5
2.14 -8.2
2.141 -7.8
2.142 -7.5
2.143 -7.1
2.144 -6.7
2.145 -6.4
2.146 -6.0
2.147 -5.6
2.148 -5.2
2.149 -4.8
2.15 -4.5
2.151 -4.1
2.152 -3.8
2.153 -3.5
2.154 -3.1
2.155 -2.8
2.156 -2.5
2.157 -2.3
2.158 -2.0
2.159 -1.8
2.16 -1.6
2.161 -1.4
2.162 -1.2
2.163 -1.1
2.164 -1.0
2.165 -0.9
2.166 -0.9
2.167 -0.9
2.168 -0.9
2.169 -0.9
2.17 -1.0
2.171 -1.1
2.172 -1.2
2.173 -1.4
2.174 -1.6
2.175 -1.7
2.176 -2.0
2.177 -2.2
2.178 -2.5
2.179 -2.8
2.18 -3.1
2.181 -3.4
2.182 -3.7
2.183 -4.0
2.184 -4.4
2.185 -4.7
2.186 -5.0
2.187 -5.4
2.188 -5.7
2.189 -6.1
2.19 -6.4
2.191 -6.8
2.192 -7.2
2.193 -7.5
2.194 -7.9
2.195 -8.2
2.196 -8.5
2.197 -8.9
2.198 -9.2
2.199 -9.6
2.2 -9.9
2.201 -10.2
2.202 -10.6
2.203 -10.9
2.204 -11.3
2.205 -11.6
2.206 -11.9
2.207 -12.2
2.208 -12.5
2.209 -12.8
2.21 -13.1
2.211 -13.5
2.212 -13.8
2.213 -14.0
2.214 -14.3
2.215 -14.6
2.216 -14.9
2.217 -15.2
2.218 -15.5
2.219 -15.7
2.22 -16.0
2.221 -16.2
2.222 -16.5
2.223 -16.7
2.224 -16.9
2.225 -17.2
2.226 -17.4
2.227 -17.6
2.228 -17.8
2.229 -18.0
2.23 -18.2
2.231 -18.4
2.232 -18.6
2.233 -18.7
2.234 -18.8
2.235 -19.0
2.236 -19.1
2.237 -19.2
2.238 -19.3
2.239 -19.3
2.24 -19.4
2.241 -19.4
2.242 -19.4
2.243 -19.4
2.244 -19.4
2.245 -19.3
2.246 -19.3
2.247 -19.2
2.248 -19.1
2.249 -19.0
2.25 -18.9
2.251 -18.7
2.252 -18.6
2.253 -18.4
2.254 -18.2
2.255 -18.1
2.256 -17.9
2.257 -17.6
2.258 -17.4
2.259 -17.2
2.26 -16.9
2.261 -16.7
2.262 -16.4
2.263 -16.2
2.264 -15.9
2.265 -15.6
2.266 -15.3
2.267 -15.0
2.268 -14.7
2.269 -14.4
2.27 -14.0
2.271 -13.7
2.272 -13.4
2.273 -13.0
2.274 -12.7
2.275 -12.3
2.276 -12.0
2.277 -11.6
2.278 -11.2
2.279 -10.8
2.28 -10.4
2.281 -10.0
2.282 -9.6
2.283 -9.1
2.284 -8.7
2.285 -8.3
2.286 -7.8
2.287 -7.4
2.288 -6.9
2.289 -6.5
2.29 -6.0
2.291 -5.5
2.292 -5.1
2.293 -4.7
2.294 -4.2
2.295 -3.8
2.296 -3.3
2.297 -2.9
2.298 -2.5
2.299 -2.1
2.3 -1.7
2.301 -1.4
2.302 -1.1
2.303 -0.8
2.304 -0.5
2.305 -0.3
2.306 -0.1
2.307 0.0
2.308 0.2
2.309 0.2
2.31 0.2
2.311 0.2
2.312 0.2
2.313 0.1
2.314 -0.0
2.315 -0.2
2.316 -0.3
2.317 -0.6
2.318 -0.8
2.319 -1.1
2.32 -1.4
2.321 -1.7
2.322 -2.1
2.323 -2.4
2.324 -2.8
2.325 -3.2
2.326 -3.6
2.327 -4.1
2.328 -4.5
2.329 -4.9
2.33 -5.3
2.331 -5.8
2.332 -6.2
2.333 -6.6
2.334 -7.1
2.335 -7.5
2.336 -7.9
2.337 -8.3
2.338 -8.7
2.339 -9.2
2.34 -9.6
2.341 -10.0
2.342 -10.4
2.343 -10.8
2.344 -11.2
2.345 -11.6
2.346 -12.0
2.347 -12.4
2.348 -12.7
2.349 -13.1
2.35 -13.5
2.351 -13.8
2.352 -14.2
2.353 -14.6
2.354 -14.9
2.355 -15.3
2.356 -15.6
2.357 -15.9
2.358 -16.2
2.359 -16.6
2.36 -16.9
2.361 -17.2
2.362 -17.5
2.363 -17.8
2.364 -18.1
2.365 -18.3
2.366 -18.6
2.367 -18.8
2.368 -19.1
2.369 -19.3
2.37 -19.5
2.371 -19.7
2.372 -19.9
2.373 -20.0
2.374 -20.2
2.375 -20.3
2.376 -20.4
2.377 -20.5
2.378 -20.5
2.379 -20.5
2.38 -20.5
2.381 -20.5
2.382 -20.5
2.383 -20.5
2.384 -20.5
2.385 -20.4
2.386 -20.3
2.387 -20.2
2.388 -20.0
2.389 -19.9
2.39 -19.8
2.391 -19.6
2.392 -19.4
2.393 -19.2
2.394 -19.0
2.395 -18.8
2.396 -18.5
2.397 -18.3
2.398 -18.0
2.399 -17.7
2.4 -17.5
2.401 -17.2
2.402 -16.8
2.403 -16.6
2.404 -16.2
2.405 -15.9
2.406 -15.6
2.407 -15.2
2.408 -14.9
2.409 -14.5
2.41 -14.1
2.411 -13.7
2.412 -13.3
2.413 -12.9
2.414 -12.5
2.415 -12.0
2.416 -11.6
2.417 -11.1
2.418 -10.7
2.419 -10.2
2.42 -9.7
2.421 -9.2
2.422 -8.7
2.423 -8.2
2.424 -7.7
2.425 -7.2
2.426 -6.7
2.427 -6.2
2.428 -5.7
2.429 -5.2
2.43 -4.7
2.431 -4.2
2.432 -3.6
2.433 -3.1
2.434 -2.6
2.435 -2.1
2.436 -1.7
2.437 -1.2
2.438 -0.8
2.439 -0.4
2.44 -0.0
2.441 0.3
2.442 0.6
2.443 0.9
2.444 1.1
2.445 1.3
2.446 1.4
2.447 1.5
2.448 1.5
2.449 1.6
2.45 1.5
2.451 1.4
2.452 1.3
2.453 1.2
2.454 1.0
2.455 0.7
2.456 0.5
2.457 0.2
2.458 -0.2
2.459 -0.5
2.46 -0.9
2.461 -1.3
2.462 -1.8
2.463 -2.2
2.464 -2.7
2.465 -3.1
2.466 -3.6
2.467 -4.1
2.468 -4.6
2.469 -5.1
2.47 -5.6
2.471 -6.1
2.472 -6.6
2.473 -7.1
2.474 -7.6
2.475 -8.1
2.476 -8.6
2.477 -9.0
2.478 -9.5
2.479 -10.0
2.48 -10.4
2.481 -10.9
2.482 -11.4
2.483 -11.8
2.484 -12.3
2.485 -12.7
2.486 -13.1
2.487 -13.6
2.488 -14.0
2.489 -14.4
2.49 -14.8
2.491 -15.3
2.492 -15.7
2.493 -16.0
2.494 -16.4
2.495 -16.8
2.496 -17.2
2.497 -17.5
2.498 -17.9
2.499 -18.3
2.5 -18.6
2.501 -18.9
2.502 -19.3
2.503 -19.6
2.504 -19.9
2.505 -20.2
2.506 -20.4
2.507 -20.6
2.508 -20.9
2.509 -21.1
2.51 -21.3
2.511 -21.5
2.512 -21.7
2.513 -21.8
2.514 -21.9
2.515 -22.0
2.516 -22.1
2.517 -22.2
2.518 -22.2
2.519 -22.2
2.52 -22.2
2.521 -22.2
2.522 -22.2
2.523 -22.1
2.524 -22.1
2.525 -21.9
2.526 -21.8
2.527 -21.7
2.528 -21.5
2.529 -21.4
2.53 -21.2
2.531 -21.0
2.532 -20.7
2.533 -20.5
2.534 -20.2
2.535 -20.0
2.536 -19.7
2.537 -19.4
2.538 -19.1
2.539 -18.8
2.54 -18.5
2.541 -18.1
2.542 -17.7
2.543 -17.3
2.544 -17.0
2.545 -16.6
2.546 -16.2
2.547 -15.7
2.548 -15.3
2.549 -14.9
2.55 -14.4
2.551 -14.0
2.552 -13.5
2.553 -13.0
2.554 -12.5
2.555 -12.0
2.556 -11.5
2.557 -11.0
2.558 -10.5
2.559 -9.9
2.56 -9.4
2.561 -8.9
2.562 -8.3
2.563 -7.8
2.564 -7.3
2.565 -6.7
2.566 -6.2
2.567 -5.6
2.568 -5.0
2.569 -4.5
2.57 -3.9
2.571 -3.4
2.572 -2.8
2.573 -2.3
2.574 -1.7
2.575 -1.3
2.576 -0.7
2.577 -0.3
2.578 0.1
2.579 0.5
2.58 0.9
2.581 1.2
2.582 1.5
2.583 1.8
2.584 2.0
2.585 2.2
2.586 2.2
2.587 2.3
2.588 2.3
2.589 2.3
2.59 2.2
2.591 2.0
2.592 1.9
2.593 1.6
2.594 1.4
2.595 1.0
2.596 0.7
2.597 0.3
2.598 -0.1
2.599 -0.6
2.6 -1.0
2.601 -1.6
2.602 -2.1
2.603 -2.6
2.604 -3.1
2.605 -3.7
2.606 -4.3
2.607 -4.8
2.608 -5.4
2.609 -5.9
2.61 -6.5
2.611 -7.1
2.612 -7.6
2.613 -8.2
2.614 -8.7
2.615 -9.3
2.616 -9.8
2.617 -10.3
2.618 -10.8
2.619 -11.3
2.62 -11.9
2.621 -12.4
2.622 -12.9
2.623 -13.4
2.624 -13.8
2.625 -14.3
2.626 -14.8
2.627 -15.3
2.628 -15.7
2.629 -16.2
2.63 -16.6
2.631 -17.0
2.632 -17.5
2.633 -17.9
2.634 -18.3
2.635 -18.7
2.636 -19.1
2.637 -19.5
2.638 -19.8
2.639 -20.2
2.64 -20.5
2.641 -20.8
2.642 -21.1
2.643 -21.4
2.644 -21.7
2.645 -21.9
2.646 -22.0
2.647 -22.2
2.648 -22.4
2.649 -22.5
2.65 -22.6
2.651 -22.7
2.652 -22.7
2.653 -22.8
2.654 -22.8
2.655 -22.8
2.656 -22.8
2.657 -22.7
2.658 -22.6
2.659 -22.5
2.66 -22.4
2.661 -22.3
2.662 -22.1
2.663 -21.9
2.664 -21.7
2.665 -21.5
2.666 -21.3
2.667 -21.0
2.668 -20.8
2.669 -20.5
2.67 -20.2
2.671 -19.8
2.672 -19.5
2.673 -19.2
2.674 -18.8
2.675 -18.5
2.676 -18.1
2.677 -17.7
2.678 -17.3
2.679 -16.9
2.68 -16.4
2.681 -16.0
2.682 -15.5
2.683 -15.0
2.684 -14.5
2.685 -14.0
2.686 -13.5
2.687 -13.0
2.688 -12.5
2.689 -11.9
2.69 -11.4
2.691 -10.8
2.692 -10.2
2.693 -9.7
2.694 -9.1
2.695 -8.5
2.696 -7.9
2.697 -7.3
2.698 -6.7
2.699 -6.1
2.7 -5.5
2.701 -4.9
2.702 -4.3
2.703 -3.7
2.704 -3.1
2.705 -2.5
2.706 -1.9
2.707 -1.4
2.708 -0.9
2.709 -0.3
2.71 0.2
2.711 0.6
2.712 1.1
2.713 1.5
2.714 1.8
2.715 2.2
2.716 2.5
2.717 2.7
2.718 2.9
2.719 3.1
2.72 3.2
2.721 3.3
2.722 3.3
2.723 3.3
2.724 3.2
2.725 3.1
2.726 2.9
2.727 2.7
2.728 2.5
2.729 2.2
2.73 1.9
2.731 1.5
2.732 1.2
2.733 0.7
2.734 0.2
2.735 -0.2
2.736 -0.7
2.737 -1.2
2.738 -1.8
2.739 -2.3
2.74 -2.9
2.741 -3.4
2.742 -4.0
2.743 -4.5
2.744 -5.1
2.745 -5.7
2.746 -6.2
2.747 -6.8
2.748 -7.3
2.749 -7.9
2.75 -8.4
2.751 -9.0
2.752 -9.6
2.753 -10.1
2.754 -10.6
2.755 -11.1
2.756 -11.7
2.757 -12.2
2.758 -12.7
2.759 -13.1
2.76 -13.6
2.761 -14.1
2.762 -14.6
2.763 -15.1
2.764 -15.5
2.765 -16.0
2.766 -16.4
2.767 -16.9
2.768 -17.3
2.769 -17.7
2.77 -18.2
2.771 -18.6
2.772 -18.9
2.773 -19.3
2.774 -19.7
2.775 -20.1
2.776 -20.4
2.777 -20.8
2.778 -21.1
2.779 -21.4
2.78 -21.7
2.781 -22.0
2.782 -22.2
2.783 -22.4
2.784 -22.6
2.785 -22.8
2.786 -22.9
2.787 -23.1
2.788 -23.2
2.789 -23.3
2.79 -23.3
2.791 -23.3
2.792 -23.4
2.793 -23.4
2.794 -23.3
2.795 -23.3
2.796 -23.3
2.797 -23.1
2.798 -23.0
2.799 -22.9
2.8 -22.7
2.801 -22.5
2.802 -22.2
2.803 -22.0
2.804 -21.7
2.805 -21.4
2.806 -21.1
2.807 -20.8
2.808 -20.4
2.809 -20.1
2.81 -19.7
2.811 -19.3
2.812 -18.9
2.813 -18.5
2.814 -18.0
2.815 -17.6
2.816 -17.1
2.817 -16.6
2.818 -16.2
2.819 -15.7
2.82 -15.1
2.821 -14.6
2.822 -14.1
2.823 -13.5
2.824 -12.9
2.825 -12.4
2.826 -11.8
2.827 -11.2
2.828 -10.6
2.829 -10.0
2.83 -9.4
2.831 -8.7
2.832 -8.1
2.833 -7.4
2.834 -6.8
2.835 -6.1
2.836 -5.4
2.837 -4.7
2.838 -4.0
2.839 -3.4
2.84 -2.7
2.841 -2.1
2.842 -1.4
2.843 -0.8
2.844 -0.2
2.845 0.4
2.846 1.0
2.847 1.6
2.848 2.0
2.849 2.5
2.85 2.9
2.851 3.3
2.852 3.6
2.853 3.9
2.854 4.1
2.855 4.3
2.856 4.4
2.857 4.4
2.858 4.4
2.859 4.4
2.86 4.2
2.861 4.0
2.862 3.8
2.863 3.5
2.864 3.1
2.865 2.8
2.866 2.3
2.867 1.9
2.868 1.4
2.869 0.9
2.87 0.3
2.871 -0.3
2.872 -0.9
2.873 -1.5
2.874 -2.1
2.875 -2.8
2.876 -3.4
2.877 -4.0
2.878 -4.7
2.879 -5.3
2.88 -5.9
2.881 -6.6
2.882 -7.2
2.883 -7.8
2.884 -8.5
2.885 -9.1
2.886 -9.6
2.887 -10.3
2.888 -10.8
2.889 -11.4
2.89 -12.0
2.891 -12.6
2.892 -13.2
2.893 -13.7
2.894 -14.2
2.895 -14.8
2.896 -15.3
2.897 -15.8
2.898 -16.3
2.899 -16.8
2.9 -17.3
2.901 -17.8
2.902 -18.3
2.903 -18.8
2.904 -19.2
2.905 -19.7
2.906 -20.1
2.907 -20.5
2.908 -20.9
2.909 -21.3
2.91 -21.7
2.911 -22.1
2.912 -22.4
2.913 -22.7
2.914 -22.9
2.915 -23.1
2.916 -23.3
2.917 -23.5
2.918 -23.6
2.919 -23.8
2.92 -23.9
2.921 -24.0
2.922 -24.1
2.923 -24.2
2.924 -24.2
2.925 -24.3
2.926 -24.3
2.927 -24.2
2.928 -24.1
2.929 -24.1
2.93 -23.9
2.931 -23.8
2.932 -23.6
2.933 -23.4
2.934 -23.1
2.935 -22.9
2.936 -22.6
2.937 -22.4
2.938 -22.0
2.939 -21.7
2.94 -21.4
2.941 -21.0
2.942 -20.7
2.943 -20.3
2.944 -19.9
2.945 -19.5
2.946 -19.1
2.947 -18.6
2.948 -18.1
2.949 -17.7
2.95 -17.2
2.951 -16.7
2.952 -16.2
2.953 -15.7
2.954 -15.1
2.955 -14.6
2.956 -14.0
2.957 -13.5
2.958 -12.8
2.959 -12.3
2.96 -11.7
2.961 -11.0
2.962 -10.4
2.963 -9.7
2.964 -9.1
2.965 -8.4
2.966 -7.7
2.967 -7.0
2.968 -6.3
2.969 -5.6
2.97 -4.8
2.971 -4.1
2.972 -3.4
2.973 -2.6
2.974 -1.9
2.975 -1.2
2.976 -0.5
2.977 0.2
2.978 0.8
2.979 1.5
2.98 2.1
2.981 2.6
2.982 3.2
2.983 3.6
2.984 4.1
2.985 4.5
2.986 4.8
2.987 5.1
2.988 5.3
2.989 5.5
2.99 5.5
2.991 5.6
2.992 5.5
2.993 5.5
2.994 5.3
2.995 5.1
2.996 4.8
2.997 4.5
2.998 4.1
2.999 3.7
3.0 3.2
3.001 2.7
3.002 2.1
3.003 1.5
3.004 0.9
3.005 0.3
3.006 -0.3
3.007 -1.0
3.008 -1.7
3.009 -2.4
3.01 -3.1
3.011 -3.8
3.012 -4.4
3.013 -5.1
3.014 -5.7
3.015 -6.4
3.016 -7.1
3.017 -7.7
3.018 -8.4
3.019 -9.0
3.02 -9.7
3.021 -10.3
3.022 -10.9
3.023 -11.5
3.024 -12.1
3.025 -12.8
3.026 -13.3
3.027 -13.9
3.028 -14.5
3.029 -15.0
3.03 -15.6
3.031 -16.2
3.032 -16.7
3.033 -17.2
3.034 -17.7
3.035 -18.2
3.036 -18.7
3.037 -19.2
3.038 -19.6
3.039 -20.1
3.04 -20.6
3.041 -21.0
3.042 -21.4
3.043 -21.8
3.044 -22.2
3.045 -22.6
3.046 -22.9
3.047 -23.2
3.048 -23.4
3.049 -23.6
3.05 -23.8
3.051 -24.0
3.052 -24.1
3.053 -24.3
3.054 -24.4
3.055 -24.6
3.056 -24.7
3.057 -24.7
3.058 -24.8
3.059 -24.8
3.06 -24.8
3.061 -24.8
3.062 -24.7
3.063 -24.6
3.064 -24.4
3.065 -24.2
3.066 -24.0
3.067 -23.8
3.068 -23.6
3.069 -23.3
3.07 -23.1
3.071 -22.8
3.072 -22.5
3.073 -22.2
3.074 -21.8
3.075 -21.4
3.076 -21.1
3.077 -20.7
3.078 -20.3
3.079 -19.8
3.08 -19.4
3.081 -18.9
3.082 -18.5
3.083 -18.0
3.084 -17.5
3.085 -17.0
3.086 -16.4
3.087 -15.9
3.088 -15.3
3.089 -14.8
3.09 -14.2
3.091 -13.6
3.092 -13.0
3.093 -12.4
3.094 -11.8
3.095 -11.2
3.096 -10.5
3.097 -9.9
3.098 -9.2
3.099 -8.5
3.1 -7.8
3.101 -7.0
3.102 -6.2
3.103 -5.5
3.104 -4.7
3.105 -3.9
3.106 -3.1
3.107 -2.4
3.108 -1.6
3.109 -0.8
3.11 -0.1
3.111 0.7
3.112 1.4
3.113 2.0
3.114 2.7
3.115 3.3
3.116 3.9
3.117 4.4
3.118 4.9
3.119 5.3
3.12 5.6
3.121 5.9
3.122 6.2
3.123 6.4
3.124 6.6
3.125 6.7
3.126 6.8
3.127 6.9
3.128 7.1
3.129 7.3
3.13 7.3
3.131 7.3
3.132 7.3
3.133 7.3
3.134 7.3
3.135 7.4
3.136 7.4
3.137 7.4
3.138 7.4
3.139 7.4
3.14 7.5
3.141 7.5
3.142 7.5
3.143 7.5
3.144 7.5
3.145 7.5
3.146 7.6
3.147 7.6
3.148 7.7
3.149 7.7
3.15 7.7
3.151 7.8
3.152 7.8
3.153 7.9
3.154 8.0
3.155 8.0
3.156 8.1
3.157 8.1
3.158 8.1
3.159 8.2
3.16 8.2
3.161 8.2
3.162 8.1
3.163 8.1
3.164 8.1
3.165 8.1
3.166 8.0
3.167 8.0
3.168 8.0
3.169 7.9
3.17 7.9
3.171 7.8
3.172 7.8
3.173 7.8
3.174 7.7
3.175 7.7
3.176 7.7
3.177 7.7
3.178 7.6
3.179 7.6
3.18 7.6
3.181 7.6
3.182 7.6
3.183 7.6
3.184 7.6
3.185 7.6
3.186 7.6
3.187 7.6
3.188 7.7
3.189 7.7
3.19 7.7
3.191 7.7
3.192 7.8
3.193 7.8
3.194 7.9
3.195 7.9
3.196 8.0
3.197 8.0
3.198 8.1
3.199 8.2
3.2 8.2
3.201 8.3
3.202 8.3
3.203 8.3
3.204 8.3
3.205 8.4
3.206 8.3
3.207 8.3
3.208 8.3
3.209 8.3
3.21 8.3
3.211 8.3
3.212 8.3
3.213 8.3
3.214 8.2
3.215 8.2
3.216 8.1
3.217 8.0
3.218 7.9
3.219 7.8
3.22 7.6
3.221 7.5
3.222 7.3
3.223 7.2
3.224 7.0
3.225 6.9
3.226 6.7
3.227 6.5
3.228 6.3
3.229 6.0
3.23 5.8
3.231 5.6
3.232 5.4
3.233 5.2
3.234 4.9
3.235 4.7
3.236 4.4
3.237 4.1
3.238 3.8
3.239 3.5
3.24 3.3
3.241 3.0
3.242 2.7
3.243 2.4
3.244 2.1
3.245 1.7
3.246 1.4
3.247 1.1
3.248 0.7
3.249 0.4
3.25 0.1
3.251 -0.3
3.252 -0.7
3.253 -1.0
3.254 -1.4
3.255 -1.7
3.256 -2.1
3.257 -2.5
3.258 -3.0
3.259 -3.4
3.26 -3.8
3.261 -4.3
3.262 -4.8
3.263 -5.2
3.264 -5.7
3.265 -6.2
3.266 -6.7
3.267 -7.1
3.268 -7.6
3.269 -8.1
3.27 -8.6
3.271 -9.1
3.272 -9.6
3.273 -10.1
3.274 -10.5
3.275 -11.0
3.276 -11.5
3.277 -11.9
3.278 -12.4
3.279 -12.8
3.28 -13.3
3.281 -13.7
3.282 -14.1
3.283 -14.5
3.284 -14.9
3.285 -15.3
3.286 -15.7
3.287 -16.0
3.288 -16.4
3.289 -16.8
3.29 -17.1
3.291 -17.5
3.292 -17.8
3.293 -18.2
3.294 -18.5
3.295 -18.8
3.296 -19.1
3.297 -19.4
3.298 -19.7
3.299 -19.9
3.3 -20.1
3.301 -20.2
3.302 -20.4
3.303 -20.5
3.304 -20.6
3.305 -20.7
3.306 -20.7
3.307 -20.7
3.308 -20.7
3.309 -20.7
3.31 -20.7
3.311 -20.7
3.312 -20.7
3.313 -20.6
3.314 -20.5
3.315 -20.4
3.316 -20.2
3.317 -20.1
3.318 -19.9
3.319 -19.7
3.32 -19.5
3.321 -19.2
3.322 -19.0
3.323 -18.7
3.324 -18.4
3.325 -18.1
3.326 -17.8
3.327 -17.5
3.328 -17.2
3.329 -16.8
3.33 -16.5
3.331 -16.2
3.332 -15.8
3.333 -15.5
3.334 -15.1
3.335 -14.8
3.336 -14.4
3.337 -14.0
3.338 -13.6
3.339 -13.1
3.34 -12.7
3.341 -12.2
3.342 -11.8
3.343 -11.3
3.344 -10.8
3.345 -10.3
3.346 -9.9
3.347 -9.4
3.348 -8.9
3.349 -8.4
3.35 -7.9
3.351 -7.4
3.352 -6.9
3.353 -6.3
3.354 -5.8
3.355 -5.3
3.356 -4.8
3.357 -4.2
3.358 -3.7
3.359 -3.2
3.36 -2.7
3.361 -2.2
3.362 -1.7
3.363 -1.3
3.364 -0.8
3.365 -0.4
3.366 -0.0
3.367 0.3
3.368 0.6
3.369 0.9
3.37 1.2
3.371 1.4
3.372 1.5
3.373 1.6
3.374 1.7
3.375 1.7
3.376 1.7
3.377 1.7
3.378 1.6
3.379 1.4
3.38 1.2
3.381 1.0
3.382 0.8
3.383 0.5
3.384 0.2
3.385 -0.1
3.386 -0.4
3.387 -0.9
3.388 -1.2
3.389 -1.7
3.39 -2.1
3.391 -2.6
3.392 -3.0
3.393 -3.5
3.394 -4.0
3.395 -4.4
3.396 -4.9
3.397 -5.3
3.398 -5.8
3.399 -6.3
3.4 -6.7
3.401 -7.2
3.402 -7.6
3.403 -8.1
3.404 -8.5
3.405 -9.0
3.406 -9.4
3.407 -9.8
3.408 -10.3
3.409 -10.7
3.41 -11.1
3.411 -11.5
3.412 -11.9
3.413 -12.4
3.414 -12.7
3.415 -13.1
3.416 -13.5
3.417 -13.9
3.418 -14.2
3.419 -14.6
3.42 -15.0
3.421 -15.3
3.422 -15.7
3.423 -16.0
3.424 -16.3
3.425 -16.6
3.426 -16.9
3.427 -17.3
3.428 -17.6
3.429 -17.9
3.43 -18.1
3.431 -18.4
3.432 -18.7
3.433 -18.9
3.434 -19.2
3.435 -19.4
3.436 -19.6
3.437 -19.9
3.438 -20.0
3.439 -20.2
3.44 -20.4
3.441 -20.5
3.442 -20.6
3.443 -20.7
3.444 -20.8
3.445 -20.9
3.446 -20.9
3.447 -21.0
3.448 -21.0
3.449 -21.0
3.45 -20.9
3.451 -20.9
3.452 -20.9
3.453 -20.8
3.454 -20.7
3.455 -20.5
3.456 -20.4
3.457 -20.2
3.458 -20.0
3.459 -19.8
3.46 -19.6
3.461 -19.4
3.462 -19.2
3.463 -18.9
3.464 -18.7
3.465 -18.4
3.466 -18.1
3.467 -17.8
3.468 -17.5
3.469 -17.2
3.47 -16.8
3.471 -16.5
3.472 -16.2
3.473 -15.8
3.474 -15.4
3.475 -15.1
3.476 -14.6
3.477 -14.2
3.478 -13.8
3.479 -13.4
3.48 -12.9
3.481 -12.5
3.482 -12.0
3.483 -11.6
3.484 -11.1
3.485 -10.6
3.486 -10.1
3.487 -9.7
3.488 -9.2
3.489 -8.6
3.49 -8.1
3.491 -7.6
3.492 -7.0
3.493 -6.5
3.494 -5.9
3.495 -5.3
3.496 -4.8
3.497 -4.2
3.498 -3.6
3.499 -3.1
3.5 -2.5
3.501 -1.9
3.502 -1.4
3.503 -0.9
3.504 -0.4
3.505 0.1
3.506 0.6
3.507 1.0
3.508 1.4
3.509 1.7
3.51 2.0
3.511 2.2
3.512 2.4
3.513 2.6
3.514 2.6
3.515 2.7
3.516 2.6
3.517 2.6
3.518 2.4
3.519 2.2
3.52 2.0
3.521 1.8
3.522 1.4
3.523 1.1
3.524 0.7
3.525 0.3
3.526 -0.2
3.527 -0.7
3.528 -1.1
3.529 -1.7
3.53 -2.2
3.531 -2.8
3.532 -3.3
3.533 -3.9
3.534 -4.5
3.535 -5.0
3.536 -5.6
3.537 -6.1
3.538 -6.7
3.539 -7.3
3.54 -7.8
3.541 -8.3
3.542 -8.9
3.543 -9.4
3.544 -9.9
3.545 -10.4
3.546 -11.0
3.547 -11.5
3.548 -12.0
3.549 -12.5
3.55 -13.0
3.551 -13.5
3.552 -14.0
3.553 -14.5
3.554 -15.0
3.555 -15.4
3.556 -15.8
3.557 -16.3
3.558 -16.7
3.559 -17.1
3.56 -17.6
3.561 -18.0
3.562 -18.4
3.563 -18.8
3.564 -19.2
3.565 -19.5
3.566 -19.9
3.567 -20.2
3.568 -20.5
3.569 -20.9
3.57 -21.1
3.571 -21.3
3.572 -21.5
3.573 -21.7
3.574 -21.8
3.575 -22.0
3.576 -22.0
3.577 -22.1
3.578 -22.2
3.579 -22.2
3.58 -22.2
3.581 -22.2
3.582 -22.2
3.583 -22.2
3.584 -22.1
3.585 -22.1
3.586 -21.9
3.587 -21.8
3.588 -21.7
3.589 -21.5
3.59 -21.3
3.591 -21.1
3.592 -20.9
3.593 -20.7
3.594 -20.4
3.595 -20.1
3.596 -19.8
3.597 -19.5
3.598 -19.2
3.599 -18.9
3.6 -18.5
3.601 -18.2
3.602 -17.8
3.603 -17.5
3.604 -17.1
3.605 -16.7
3.606 -16.3
3.607 -16.0
3.608 -15.5
3.609 -15.1
3.61 -14.7
3.611 -14.2
3.612 -13.7
3.613 -13.3
3.614 -12.7
3.615 -12.3
3.616 -11.8
3.617 -11.3
3.618 -10.8
3.619 -10.3
3.62 -9.7
3.621 -9.2
3.622 -8.7
3.623 -8.1
3.624 -7.6
3.625 -7.0
3.626 -6.5
3.627 -5.9
3.628 -5.4
3.629 -4.8
3.63 -4.3
3.631 -3.8
3.632 -3.2
3.633 -2.7
3.634 -2.2
3.635 -1.7
3.636 -1.2
3.637 -0.7
3.638 -0.3
3.639 0.2
3.64 0.6
3.641 0.9
3.642 1.3
3.643 1.6
3.644 1.8
3.645 2.1
3.646 2.3
3.647 2.4
3.648 2.6
3.649 2.6
3.65 2.7
3.651 2.6
3.652 2.6
3.653 2.4
3.654 2.3
3.655 2.1
3.656 1.9
3.657 1.7
3.658 1.4
3.659 1.0
3.66 0.7
3.661 0.3
3.662 -0.0
3.663 -0.5
3.664 -0.9
3.665 -1.4
3.666 -1.9
3.667 -2.4
3.668 -2.9
3.669 -3.4
3.67 -4.0
3.671 -4.5
3.672 -5.0
3.673 -5.5
3.674 -6.0
3.675 -6.6
3.676 -7.1
3.677 -7.6
3.678 -8.1
3.679 -8.7
3.68 -9.2
3.681 -9.7
3.682 -10.2
3.683 -10.6
3.684 -11.1
3.685 -11.7
3.686 -12.1
3.687 -12.6
3.688 -13.1
3.689 -13.6
3.69 -14.0
3.691 -14.5
3.692 -14.9
3.693 -15.4
3.694 -15.8
3.695 -16.2
3.696 -16.7
3.697 -17.1
3.698 -17.5
3.699 -17.9
3.7 -18.3
3.701 -18.7
3.702 -19.1
3.703 -19.5
3.704 -19.9
3.705 -20.2
3.706 -20.5
3.707 -20.9
3.708 -21.2
3.709 -21.5
3.71 -21.7
3.711 -22.0
3.712 -22.2
3.713 -22.3
3.714 -22.5
3.715 -22.6
3.716 -22.8
3.717 -22.8
3.718 -23.0
3.719 -23.0
3.72 -23.1
3.721 -23.1
3.722 -23.0
3.723 -23.0
3.724 -22.9
3.725 -22.8
3.726 -22.8
3.727 -22.6
3.728 -22.4
3.729 -22.2
3.73 -22.0
3.731 -21.8
3.732 -21.5
3.733 -21.2
3.734 -20.9
3.735 -20.6
3.736 -20.3
3.737 -19.9
3.738 -19.6
3.739 -19.2
3.74 -18.8
3.741 -18.4
3.742 -18.0
3.743 -17.6
3.744 -17.1
3.745 -16.7
3.746 -16.2
3.747 -15.7
3.748 -15.2
3.749 -14.7
3.75 -14.2
3.751 -13.6
3.752 -13.1
3.753 -12.5
3.754 -12.0
3.755 -11.4
3.756 -10.8
3.757 -10.2
3.758 -9.6
3.759 -9.0
3.76 -8.4
3.761 -7.7
3.762 -7.1
3.763 -6.4
3.764 -5.8
3.765 -5.1
3.766 -4.5
3.767 -3.8
3.768 -3.2
3.769 -2.5
3.77 -1.9
3.771 -1.3
3.772 -0.7
3.773 -0.1
3.774 0.5
3.775 1.0
3.776 1.5
3.777 1.9
3.778 2.4
3.779 2.8
3.78 3.1
3.781 3.4
3.782 3.7
3.783 3.8
3.784 4.0
3.785 4.1
3.786 4.1
3.787 4.1
3.788 4.0
3.789 3.8
3.79 3.7
3.791 3.4
3.792 3.1
3.793 2.8
3.794 2.4
3.795 2.0
3.796 1.6
3.797 1.1
3.798 0.6
3.799 0.0
3.8 -0.5
3.801 -1.1
3.802 -1.7
3.803 -2.3
3.804 -2.9
3.805 -3.5
3.806 -4.1
3.807 -4.7
3.808 -5.3
3.809 -5.9
3.81 -6.5
3.811 -7.1
3.812 -7.7
3.813 -8.3
3.814 -8.9
3.815 -9.4
3.816 -10.0
3.817 -10.6
3.818 -11.1
3.819 -11.7
3.82 -12.2
3.821 -12.7
3.822 -13.3
3.823 -13.8
3.824 -14.3
3.825 -14.8
3.826 -15.3
3.827 -15.7
3.828 -16.2
3.829 -16.7
3.83 -17.1
3.831 -17.6
3.832 -18.0
3.833 -18.4
3.834 -18.9
3.835 -19.3
3.836 -19.7
3.837 -20.1
3.838 -20.5
3.839 -20.8
3.84 -21.2
3.841 -21.5
3.842 -21.8
3.843 -22.1
3.844 -22.3
3.845 -22.5
3.846 -22.7
3.847 -22.8
3.848 -23.0
3.849 -23.1
3.85 -23.3
3.851 -23.4
3.852 -23.4
3.853 -23.5
3.854 -23.5
3.855 -23.6
3.856 -23.6
3.857 -23.5
3.858 -23.5
3.859 -23.4
3.86 -23.3
3.861 -23.1
3.862 -23.0
3.863 -22.8
3.864 -22.6
3.865 -22.4
3.866 -22.1
3.867 -21.9
3.868 -21.6
3.869 -21.3
3.87 -21.0
3.871 -20.7
3.872 -20.4
3.873 -20.0
3.874 -19.7
3.875 -19.3
3.876 -18.9
3.877 -18.5
3.878 -18.0
3.879 -17.7
3.88 -17.2
3.881 -16.7
3.882 -16.2
3.883 -15.8
3.884 -15.2
3.885 -14.7
3.886 -14.2
3.887 -13.7
3.888 -13.1
3.889 -12.5
3.89 -12.0
3.891 -11.4
3.892 -10.8
3.893 -10.2
3.894 -9.6
3.895 -9.0
3.896 -8.3
3.897 -7.6
3.898 -6.9
3.899 -6.3
3.9 -5.5
3.901 -4.9
3.902 -4.2
3.903 -3.5
3.904 -2.8
3.905 -2.1
3.906 -1.4
3.907 -0.7
3.908 -0.1
3.909 0.6
3.91 1.1
3.911 1.7
3.912 2.3
3.913 2.8
3.914 3.2
3.915 3.7
3.916 4.1
3.917 4.4
3.918 4.7
3.919 4.8
3.92 5.0
3.921 5.1
3.922 5.1
3.923 5.0
3.924 4.9
3.925 4.8
3.926 4.5
3.927 4.3
3.928 3.9
3.929 3.6
3.93 3.2
3.931 2.7
3.932 2.2
3.933 1.7
3.934 1.1
3.935 0.5
3.936 -0.1
3.937 -0.7
3.938 -1.4
3.939 -2.1
3.94 -2.7
3.941 -3.4
3.942 -4.0
3.943 -4.7
3.944 -5.4
3.945 -6.0
3.946 -6.7
3.947 -7.3
3.948 -7.9
3.949 -8.6
3.95 -9.2
3.951 -9.8
3.952 -10.4
3.953 -11.1
3.954 -11.7
3.955 -12.3
3.956 -12.9
3.957 -13.4
3.958 -14.0
3.959 -14.6
3.96 -15.1
3.961 -15.6
3.962 -16.2
3.963 -16.7
3.964 -17.2
3.965 -17.7
3.966 -18.2
3.967 -18.7
3.968 -19.2
3.969 -19.7
3.97 -20.1
3.971 -20.5
3.972 -21.0
3.973 -21.4
3.974 -21.8
3.975 -22.1
3.976 -22.5
3.977 -22.8
3.978 -23.0
3.979 -23.2
3.98 -23.4
3.981 -23.6
3.982 -23.8
3.983 -23.9
3.984 -24.0
3.985 -24.2
3.986 -24.2
3.987 -24.3
3.988 -24.4
3.989 -24.4
3.99 -24.4
3.991 -24.3
3.992 -24.2
3.993 -24.1
3.994 -24.0
3.995 -23.8
3.996 -23.6
3.997 -23.4
3.998 -23.2
3.999 -23.0
4.0 -22.7
4.001 -22.4
4.002 -22.1
4.003 -21.8
4.004 -21.5
4.005 -21.1
4.006 -20.8
4.007 -20.5
4.008 -20.1
4.009 -19.7
4.01 -19.3
4.011 -18.9
4.012 -18.4
4.013 -18.0
4.014 -17.5
4.015 -17.0
4.016 -16.5
4.017 -16.0
4.018 -15.5
4.019 -15.0
4.02 -14.4
4.021 -13.9
4.022 -13.4
4.023 -12.8
4.024 -12.2
4.025 -11.6
4.026 -11.0
4.027 -10.4
4.028 -9.7
4.029 -9.1
4.03 -8.4
4.031 -7.7
4.032 -7.0
4.033 -6.3
4.034 -5.6
4.035 -4.9
4.036 -4.2
4.037 -3.5
4.038 -2.8
4.039 -2.1
4.04 -1.4
4.041 -0.7
4.042 0.0
4.043 0.7
4.044 1.3
4.045 1.9
4.046 2.4
4.047 3.0
4.048 3.5
4.049 4.0
4.05 4.4
4.051 4.7
4.052 5.0
4.053 5.2
4.054 5.4
4.055 5.5
4.056 5.5
4.057 5.5
4.058 5.5
4.059 5.4
4.06 5.2
4.061 4.9
4.062 4.6
4.063 4.3
4.064 3.9
4.065 3.5
4.066 3.0
4.067 2.5
4.068 1.9
4.069 1.3
4.07 0.7
4.071 0.1
4.072 -0.5
4.073 -1.2
4.074 -1.9
4.075 -2.6
4.076 -3.2
4.077 -3.9
4.078 -4.6
4.079 -5.3
4.08 -6.0
4.081 -6.7
4.082 -7.3
4.083 -8.0
4.084 -8.6
4.085 -9.2
4.086 -9.9
4.087 -10.5
4.088 -11.1
4.089 -11.8
4.09 -12.4
4.091 -13.0
4.092 -13.6
4.093 -14.1
4.094 -14.7
4.095 -15.3
4.096 -15.8
4.097 -16.3
4.098 -16.9
4.099 -17.4
4.1 -17.9
4.101 -18.4
4.102 -18.9
4.103 -19.4
4.104 -19.9
4.105 -20.3
4.106 -20.8
4.107 -21.2
4.108 -21.6
4.109 -22.0
4.11 -22.4
4.111 -22.7
4.112 -23.0
4.113 -23.2
4.114 -23.4
4.115 -23.6
4.116 -23.7
4.117 -23.9
4.118 -24.1
4.119 -24.2
4.12 -24.3
4.121 -24.4
4.122 -24.5
4.123 -24.5
4.124 -24.5
4.125 -24.5
4.126 -24.5
4.127 -24.4
4.128 -24.3
4.129 -24.1
4.13 -24.0
4.131 -23.8
4.132 -23.5
4.133 -23.3
4.134 -23.1
4.135 -22.8
4.136 -22.5
4.137 -22.2
4.138 -21.9
4.139 -21.6
4.14 -21.2
4.141 -20.9
4.142 -20.5
4.143 -20.1
4.144 -19.7
4.145 -19.3
4.146 -18.9
4.147 -18.4
4.148 -17.9
4.149 -17.4
4.15 -17.0
4.151 -16.5
4.152 -15.9
4.153 -15.4
4.154 -14.9
4.155 -14.4
4.156 -13.8
4.157 -13.2
4.158 -12.7
4.159 -12.1
4.16 -11.4
4.161 -10.8
4.162 -10.2
4.163 -9.5
4.164 -8.8
4.165 -8.2
4.166 -7.5
4.167 -6.8
4.168 -6.0
4.169 -5.3
4.17 -4.6
4.171 -3.9
4.172 -3.2
4.173 -2.5
4.174 -1.7
4.175 -1.0
4.176 -0.3
4.177 0.3
4.178 1.0
4.179 1.6
4.18 2.2
4.181 2.8
4.182 3.3
4.183 3.8
4.184 4.2
4.185 4.6
4.186 4.9
4.187 5.2
4.188 5.4
4.189 5.5
4.19 5.6
4.191 5.6
4.192 5.5
4.193 5.5
4.194 5.2
4.195 5.0
4.196 4.7
4.197 4.4
4.198 4.0
4.199 3.6
4.2 3.1
4.201 2.5
4.202 2.0
4.203 1.4
4.204 0.8
4.205 0.2
4.206 -0.5
4.207 -1.2
4.208 -1.9
4.209 -2.6
4.21 -3.2
4.211 -3.9
4.212 -4.6
4.213 -5.3
4.214 -6.0
4.215 -6.7
4.216 -7.3
4.217 -8.0
4.218 -8.6
4.219 -9.3
4.22 -9.9
4.221 -10.6
4.222 -11.2
4.223 -11.8
4.224 -12.5
4.225 -13.0
4.226 -13.7
4.227 -14.2
4.228 -14.8
4.229 -15.4
4.23 -15.9
4.231 -16.5
4.232 -17.0
4.233 -17.5
4.234 -18.1
4.235 -18.6
4.236 -19.1
4.237 -19.6
4.238 -20.1
4.239 -20.5
4.24 -21.0
4.241 -21.4
4.242 -21.8
4.243 -22.2
4.244 -22.6
4.245 -22.9
4.246 -23.2
4.247 -23.4
4.248 -23.7
4.249 -23.8
4.25 -24.0
4.251 -24.1
4.252 -24.3
4.253 -24.4
4.254 -24.5
4.255 -24.6
4.256 -24.7
4.257 -24.7
4.258 -24.7
4.259 -24.7
4.26 -24.7
4.261 -24.6
4.262 -24.5
4.263 -24.4
4.264 -24.2
4.265 -24.0
4.266 -23.8
4.267 -23.6
4.268 -23.3
4.269 -23.1
4.27 -22.8
4.271 -22.5
4.272 -22.2
4.273 -21.8
4.274 -21.5
4.275 -21.1
4.276 -20.8
4.277 -20.4
4.278 -20.0
4.279 -19.6
4.28 -19.2
4.281 -18.7
4.282 -18.2
4.283 -17.7
4.284 -17.2
4.285 -16.7
4.286 -16.2
4.287 -15.6
4.288 -15.1
4.289 -14.5
4.29 -13.9
4.291 -13.3
4.292 -12.7
4.293 -12.0
4.294 -11.4
4.295 -10.8
4.296 -10.1
4.297 -9.4
4.298 -8.7
4.299 -8.0
4.3 -7.2
4.301 -6.5
4.302 -5.7
4.303 -5.0
4.304 -4.2
4.305 -3.4
4.306 -2.7
4.307 -1.9
4.308 -1.1
4.309 -0.4
4.31 0.3
4.311 1.0
4.312 1.7
4.313 2.4
4.314 3.0
4.315 3.6
4.316 4.1
4.317 4.6
4.318 5.1
4.319 5.5
4.32 5.9
4.321 6.1
4.322 6.4
4.323 6.6
4.324 6.7
4.325 6.9
4.326 6.9
4.327 7.1
4.328 7.2
4.329 7.4
4.33 7.6
4.331 7.6
4.332 7.6
4.333 7.6
4.334 7.6
4.335 7.8
4.336 7.8
4.337 7.8
4.338 7.8
4.339 7.9
4.34 7.9
4.341 8.0
4.342 8.0
4.343 8.0
4.344 8.0
4.345 8.1
4.346 8.1
4.347 8.3
4.348 8.3
4.349 8.4
4.35 8.4
4.351 8.5
4.352 8.5
4.353 8.6
4.354 8.7
4.355 8.8
4.356 8.8
4.357 8.9
4.358 8.9
4.359 8.9
4.36 9.0
4.361 9.0
4.362 9.0
4.363 9.0
4.364 8.9
4.365 8.8
4.366 8.8
4.367 8.8
4.368 8.8
4.369 8.8
4.37 8.7
4.371 8.7
4.372 8.6
4.373 8.6
4.374 8.6
4.375 8.5
4.376 8.5
4.377 8.5
4.378 8.4
4.379 8.4
4.38 8.4
4.381 8.4
4.382 8.3
4.383 8.3
4.384 8.3
4.385 8.3
4.386 8.3
4.387 8.3
4.388 8.3
4.389 8.3
4.39 8.3
4.391 8.3
4.392 8.3
4.393 8.3
4.394 8.3
4.395 8.4
4.396 8.4
4.397 8.4
4.398 8.4
4.399 8.4
4.4 8.5
4.401 8.5
4.402 8.5
4.403 8.5
4.404 8.5
4.405 8.5
4.406 8.5
4.407 8.4
4.408 8.3
4.409 8.3
4.41 8.3
4.411 8.2
4.412 8.1
4.413 8.1
4.414 8.0
4.415 8.0
4.416 7.9
4.417 7.8
4.418 7.7
4.419 7.6
4.42 7.4
4.421 7.3
4.422 7.2
4.423 7.1
4.424 6.9
4.425 6.7
4.426 6.6
4.427 6.4
4.428 6.2
4.429 6.1
4.43 5.9
4.431 5.7
4.432 5.5
4.433 5.3
4.434 5.2
4.435 5.0
4.436 4.8
4.437 4.6
4.438 4.4
4.439 4.2
4.44 4.0
4.441 3.8
4.442 3.5
4.443 3.2
4.444 3.0
4.445 2.8
4.446 2.5
4.447 2.2
4.448 1.9
4.449 1.7
4.45 1.4
4.451 1.1
4.452 0.8
4.453 0.5
4.454 0.2
4.455 -0.1
4.456 -0.4
4.457 -0.7
4.458 -1.0
4.459 -1.4
4.46 -1.7
4.461 -2.0
4.462 -2.4
4.463 -2.7
4.464 -3.1
4.465 -3.4
4.466 -3.7
4.467 -4.1
4.468 -4.4
4.469 -4.8
4.47 -5.2
4.471 -5.5
4.472 -5.9
4.473 -6.3
4.474 -6.7
4.475 -7.1
4.476 -7.5
4.477 -7.8
4.478 -8.2
4.479 -8.6
4.48 -9.0
4.481 -9.4
4.482 -9.7
4.483 -10.1
4.484 -10.5
4.485 -10.8
4.486 -11.1
4.487 -11.5
4.488 -11.8
4.489 -12.2
4.49 -12.5
4.491 -12.9
4.492 -13.2
4.493 -13.5
4.494 -13.8
4.495 -14.1
4.496 -14.4
4.497 -14.7
4.498 -15.0
4.499 -15.2
4.5 -15.5
4.501 -15.8
4.502 -16.0
4.503 -16.3
4.504 -16.5
4.505 -16.8
4.506 -17.0
4.507 -17.2
4.508 -17.5
4.509 -17.7
4.51 -17.9
4.511 -18.1
4.512 -18.4
4.513 -18.5
4.514 -18.7
4.515 -18.8
4.516 -18.9
4.517 -19.1
4.518 -19.1
4.519 -19.2
4.52 -19.3
4.521 -19.3
4.522 -19.3
4.523 -19.3
4.524 -19.3
4.525 -19.2
4.526 -19.2
4.527 -19.1
4.528 -19.0
4.529 -18.9
4.53 -18.9
4.531 -18.7
4.532 -18.6
4.533 -18.4
4.534 -18.3
4.535 -18.1
4.536 -18.0
4.537 -17.8
4.538 -17.6
4.539 -17.3
4.54 -17.1
4.541 -16.9
4.542 -16.6
4.543 -16.4
4.544 -16.2
4.545 -15.9
4.546 -15.6
4.547 -15.4
4.548 -15.1
4.549 -14.8
4.55 -14.5
4.551 -14.2
4.552 -13.9
4.553 -13.6
4.554 -13.3
4.555 -12.9
4.556 -12.5
4.557 -12.2
4.558 -11.8
4.559 -11.4
4.56 -11.1
4.561 -10.7
4.562 -10.3
4.563 -9.8
4.564 -9.4
4.565 -9.0
4.566 -8.6
4.567 -8.1
4.568 -7.7
4.569 -7.3
4.57 -6.8
4.571 -6.4
4.572 -6.0
4.573 -5.5
4.574 -5.1
4.575 -4.6
4.576 -4.2
4.577 -3.8
4.578 -3.3
4.579 -2.9
4.58 -2.5
4.581 -2.1
4.582 -1.7
4.583 -1.4
4.584 -1.0
4.585 -0.7
4.586 -0.5
4.587 -0.3
4.588 -0.0
4.589 0.1
4.59 0.2
4.591 0.4
4.592 0.4
4.593 0.4
4.594 0.4
4.595 0.4
4.596 0.3
4.597 0.2
4.598 0.0
4.599 -0.1
4.6 -0.3
4.601 -0.6
4.602 -0.8
4.603 -1.1
4.604 -1.4
4.605 -1.7
4.606 -2.1
4.607 -2.4
4.608 -2.8
4.609 -3.2
4.61 -3.7
4.611 -4.1
4.612 -4.5
4.613 -4.9
4.614 -5.3
4.615 -5.7
4.616 -6.2
4.617 -6.6
4.618 -7.0
4.619 -7.4
4.62 -7.8
4.621 -8.2
4.622 -8.6
4.623 -9.0
4.624 -9.4
4.625 -9.8
4.626 -10.2
4.627 -10.6
4.628 -11.0
4.629 -11.4
4.63 -11.8
4.631 -12.1
4.632 -12.5
4.633 -12.9
4.634 -13.2
4.635 -13.6
4.636 -13.9
4.637 -14.3
4.638 -14.6
4.639 -14.9
4.64 -15.2
4.641 -15.5
4.642 -15.8
4.643 -16.2
4.644 -16.5
4.645 -16.8
4.646 -17.1
4.647 -17.4
4.648 -17.7
4.649 -17.9
4.65 -18.2
4.651 -18.5
4.652 -18.7
4.653 -18.9
4.654 -19.1
4.655 -19.3
4.656 -19.5
4.657 -19.6
4.658 -19.7
4.659 -19.9
4.66 -20.0
4.661 -20.0
4.662 -20.1
4.663 -20.2
4.664 -20.2
4.665 -20.2
4.666 -20.3
4.667 -20.2
4.668 -20.2
4.669 -20.2
4.67 -20.1
4.671 -20.0
4.672 -19.9
4.673 -19.8
4.674 -19.6
4.675 -19.5
4.676 -19.3
4.677 -19.1
4.678 -18.9
4.679 -18.6
4.68 -18.4
4.681 -18.2
4.682 -17.9
4.683 -17.7
4.684 -17.4
4.685 -17.1
4.686 -16.8
4.687 -16.5
4.688 -16.2
4.689 -15.9
4.69 -15.6
4.691 -15.2
4.692 -14.9
4.693 -14.5
4.694 -14.2
4.695 -13.8
4.696 -13.4
4.697 -13.0
4.698 -12.6
4.699 -12.1
4.7 -11.7
4.701 -11.2
4.702 -10.8
4.703 -10.3
4.704 -9.9
4.705 -9.4
4.706 -8.9
4.707 -8.4
4.708 -7.9
4.709 -7.4
4.71 -6.9
4.711 -6.4
4.712 -5.8
4.713 -5.3
4.714 -4.8
4.715 -4.3
4.716 -3.8
4.717 -3.2
4.718 -2.7
4.719 -2.2
4.72 -1.7
4.721 -1.3
4.722 -0.9
4.723 -0.4
4.724 -0.0
4.725 0.3
4.726 0.7
4.727 0.9
4.728 1.2
4.729 1.4
4.73 1.6
4.731 1.7
4.732 1.8
4.733 1.8
4.734 1.8
4.735 1.8
4.736 1.7
4.737 1.6
4.738 1.4
4.739 1.2
4.74 1.0
4.741 0.7
4.742 0.4
4.743 0.0
4.744 -0.4
4.745 -0.7
4.746 -1.2
4.747 -1.7
4.748 -2.1
4.749 -2.6
4.75 -3.1
4.751 -3.6
4.752 -4.1
4.753 -4.6
4.754 -5.1
4.755 -5.6
4.756 -6.1
4.757 -6.6
4.758 -7.1
4.759 -7.6
4.76 -8.1
4.761 -8.6
4.762 -9.0
4.763 -9.5
4.764 -10.0
4.765 -10.4
4.766 -10.9
4.767 -11.4
4.768 -11.8
4.769 -12.3
4.77 -12.7
4.771 -13.2
4.772 -13.6
4.773 -14.0
4.774 -14.4
4.775 -14.8
4.776 -15.2
4.777 -15.6
4.778 -16.0
4.779 -16.4
4.78 -16.8
4.781 -17.2
4.782 -17.5
4.783 -17.9
4.784 -18.2
4.785 -18.6
4.786 -18.9
4.787 -19.3
4.788 -19.6
4.789 -19.9
4.79 -20.1
4.791 -20.3
4.792 -20.6
4.793 -20.8
4.794 -21.0
4.795 -21.2
4.796 -21.3
4.797 -21.4
4.798 -21.6
4.799 -21.6
4.8 -21.7
4.801 -21.8
4.802 -21.8
4.803 -21.8
4.804 -21.8
4.805 -21.8
4.806 -21.7
4.807 -21.6
4.808 -21.5
4.809 -21.4
4.81 -21.3
4.811 -21.1
4.812 -21.0
4.813 -20.8
4.814 -20.6
4.815 -20.3
4.816 -20.1
4.817 -19.9
4.818 -19.6
4.819 -19.3
4.82 -19.0
4.821 -18.7
4.822 -18.4
4.823 -18.1
4.824 -17.8
4.825 -17.4
4.826 -17.0
4.827 -16.6
4.828 -16.3
4.829 -15.9
4.83 -15.4
4.831 -15.0
4.832 -14.5
4.833 -14.1
4.834 -13.6
4.835 -13.1
4.836 -12.7
4.837 -12.1
4.838 -11.6
4.839 -11.1
4.84 -10.6
4.841 -10.0
4.842 -9.5
4.843 -9.0
4.844 -8.4
4.845 -7.9
4.846 -7.3
4.847 -6.7
4.848 -6.1
4.849 -5.5
4.85 -4.9
4.851 -4.3
4.852 -3.8
4.853 -3.2
4.854 -2.7
4.855 -2.1
4.856 -1.5
4.857 -1.0
4.858 -0.5
4.859 -0.0
4.86 0.5
4.861 0.9
4.862 1.3
4.863 1.6
4.864 1.9
4.865 2.2
4.866 2.4
4.867 2.6
4.868 2.7
4.869 2.8
4.87 2.8
4.871 2.8
4.872 2.7
4.873 2.6
4.874 2.4
4.875 2.3
4.876 2.0
4.877 1.7
4.878 1.4
4.879 1.0
4.88 0.6
4.881 0.2
4.882 -0.3
4.883 -0.8
4.884 -1.2
4.885 -1.8
4.886 -2.3
4.887 -2.9
4.888 -3.4
4.889 -4.0
4.89 -4.5
4.891 -5.1
4.892 -5.7
4.893 -6.2
4.894 -6.8
4.895 -7.3
4.896 -7.9
4.897 -8.4
4.898 -9.0
4.899 -9.5
4.9 -10.0
4.901 -10.5
4.902 -11.1
4.903 -11.6
4.904 -12.1
4.905 -12.6
4.906 -13.1
4.907 -13.6
4.908 -14.1
4.909 -14.5
4.91 -15.0
4.911 -15.5
4.912 -15.9
4.913 -16.4
4.914 -16.8
4.915 -17.2
4.916 -17.6
4.917 -18.1
4.918 -18.5
4.919 -18.9
4.92 -19.3
4.921 -19.7
4.922 -20.1
4.923 -20.4
4.924 -20.7
4.925 -21.1
4.926 -21.4
4.927 -21.6
4.928 -21.9
4.929 -22.1
4.93 -22.2
4.931 -22.4
4.932 -22.5
4.933 -22.7
4.934 -22.7
4.935 -22.9
4.936 -22.9
4.937 -23.0
4.938 -23.0
4.939 -23.0
4.94 -23.0
4.941 -23.0
4.942 -22.9
4.943 -22.8
4.944 -22.7
4.945 -22.6
4.946 -22.4
4.947 -22.2
4.948 -22.0
4.949 -21.8
4.95 -21.5
4.951 -21.2
4.952 -20.9
4.953 -20.6
4.954 -20.3
4.955 -20.0
4.956 -19.6
4.957 -19.3
4.958 -18.9
4.959 -18.5
4.96 -18.1
4.961 -17.7
4.962 -17.3
4.963 -16.9
4.964 -16.4
4.965 -15.9
4.966 -15.5
4.967 -15.0
4.968 -14.5
4.969 -14.0
4.97 -13.4
4.971 -12.9
4.972 -12.4
4.973 -11.8
4.974 -11.3
4.975 -10.7
4.976 -10.1
4.977 -9.5
4.978 -9.0
4.979 -8.4
4.98 -7.8
4.981 -7.2
4.982 -6.6
4.983 -6.0
4.984 -5.3
4.985 -4.7
4.986 -4.1
4.987 -3.5
4.988 -2.9
4.989 -2.3
4.99 -1.7
4.991 -1.1
4.992 -0.5
4.993 0.0
4.994 0.5
4.995 1.0
4.996 1.4
4.997 1.9
4.998 2.3
4.999 2.6
5.0 2.9
