Perfil
t θ
0.0 11.9
0.001 11.7
0.002 11.5
0.003 11.4
0.004 11.2
0.005 11.1
0.006 10.9
0.007 10.8
0.008 10.6
0.009 10.4
0.01 10.2
0.011 10.0
0.012 9.8
0.013 9.6
0.014 9.4
0.015 9.2
0.016 8.9
0.017 8.7
0.018 8.5
0.019 8.3
0.02 8.0
0.021 7.8
0.022 7.5
0.023 7.2
0.024 7.0
0.025 6.7
0.026 6.4
0.027 6.1
0.028 5.8
0.029 5.4
0.03 5.1
0.031 4.8
0.032 4.5
0.033 4.1
0.034 3.8
0.035 3.4
0.036 3.0
0.037 2.6
0.038 2.2
0.039 1.8
0.04 1.4
0.041 1.0
0.042 0.6
0.043 0.1
0.044 -0.3
0.045 -0.7
0.046 -1.2
0.047 -1.6
0.048 -2.1
0.049 -2.5
0.05 -3.0
0.051 -3.4
0.052 -3.9
0.053 -4.4
0.054 -4.8
0.055 -5.3
0.056 -5.9
0.057 -6.3
0.058 -6.8
0.059 -7.4
0.06 -7.9
0.061 -8.5
0.062 -9.0
0.063 -9.5
0.064 -10.1
0.065 -10.6
0.066 -11.2
0.067 -11.7
0.068 -12.2
0.069 -12.8
0.07 -13.3
0.071 -13.9
0.072 -14.4
0.073 -15.0
0.074 -15.5
0.075 -16.0
0.076 -16.5
0.077 -17.0
0.078 -17.6
0.079 -18.0
0.08 -18.5
0.081 -19.0
0.082 -19.4
0.083 -19.9
0.084 -20.3
0.085 -20.7
0.086 -21.1
0.087 -21.5
0.088 -21.9
0.089 -22.3
0.09 -22.6
0.091 -22.9
0.092 -23.1
0.093 -23.3
0.094 -23.5
0.095 -23.7
0.096 -23.8
0.097 -24.0
0.098 -24.1
0.099 -24.1
0.1 -24.2
0.101 -24.3
0.102 -24.3
0.103 -24.3
0.104 -24.3
0.105 -24.2
0.106 -24.1
0.107 -24.0
0.108 -23.9
0.109 -23.7
0.11 -23.5
0.111 -23.3
0.112 -23.1
0.113 -22.8
0.114 -22.5
0.115 -22.2
0.116 -22.0
0.117 -21.6
0.118 -21.3
0.119 -21.0
0.12 -20.7
0.121 -20.3
0.122 -19.9
0.123 -19.5
0.124 -19.1
0.125 -18.7
0.126 -18.3
0.127 -17.8
0.128 -17.4
0.129 -16.9
0.13 -16.5
0.131 -16.0
0.132 -15.5
0.133 -15.1
0.134 -14.6
0.135 -14.1
0.136 -13.6
0.137 -13.0
0.138 -12.5
0.139 -12.0
0.14 -11.4
0.141 -10.9
0.142 -10.4
0.143 -9.8
0.144 -9.2
0.145 -8.6
0.146 -8.0
0.147 -7.4
0.148 -6.9
0.149 -6.2
0.15 -5.6
0.151 -5.0
0.152 -4.5
0.153 -3.8
0.154 -3.3
0.155 -2.6
0.156 -2.1
0.157 -1.5
0.158 -1.0
0.159 -0.4
0.16 0.1
0.161 0.5
0.162 1.0
0.163 1.4
0.164 1.8
0.165 2.2
0.166 2.6
0.167 2.8
0.168 3.1
0.169 3.3
0.17 3.4
0.171 3.5
0.172 3.6
0.173 3.6
0.174 3.5
0.175 3.5
0.176 3.3
0.177 3.1
0.178 2.9
0.179 2.7
0.18 2.4
0.181 2.1
0.182 1.7
0.183 1.3
0.184 0.8
0.185 0.4
0.186 -0.1
0.187 -0.6
0.188 -1.2
0.189 -1.7
0.19 -2.2
0.191 -2.8
0.192 -3.4
0.193 -3.9
0.194 -4.5
0.195 -5.1
0.196 -5.7
0.197 -6.2
0.198 -6.8
0.199 -7.4
0.2 -7.9
0.201 -8.5
0.202 -9.0
0.203 -9.5
0.204 -10.1
0.205 -10.6
0.206 -11.1
0.207 -11.6
0.208 -12.2
0.209 -12.7
0.21 -13.2
0.211 -13.7
0.212 -14.2
0.213 -14.7
0.214 -15.2
0.215 -15.7
0.216 -16.1
0.217 -16.6
0.218 -17.1
0.219 -17.5
0.22 -18.0
0.221 -18.5
0.222 -18.9
0.223 -19.4
0.224 -19.8
0.225 -20.2
0.226 -20.6
0.227 -21.0
0.228 -21.4
0.229 -21.8
0.23 -22.2
0.231 -22.5
0.232 -22.9
0.233 -23.1
0.234 -23.4
0.235 -23.6
0.236 -23.9
0.237 -24.1
0.238 -24.3
0.239 -24.5
0.24 -24.7
0.241 -24.8
0.242 -24.9
0.243 -24.9
0.244 -24.9
0.245 -25.0
0.246 -24.9
0.247 -24.9
0.248 -24.8
0.249 -24.7
0.25 -24.6
0.251 -24.4
0.252 -24.3
0.253 -24.1
0.254 -23.9
0.255 -23.6
0.256 -23.4
0.257 -23.2
0.258 -22.9
0.259 -22.6
0.26 -22.2
0.261 -21.9
0.262 -21.6
0.263 -21.2
0.264 -20.8
0.265 -20.4
0.266 -19.9
0.267 -19.5
0.268 -19.0
0.269 -18.5
0.27 -18.1
0.271 -17.6
0.272 -17.1
0.273 -16.6
0.274 -16.1
0.275 -15.6
0.276 -15.0
0.277 -14.5
0.278 -14.0
0.279 -13.4
0.28 -12.8
0.281 -12.2
0.282 -11.6
0.283 -10.9
0.284 -10.3
0.285 -9.7
0.286 -9.0
0.287 -8.3
0.288 -7.6
0.289 -6.9
0.29 -6.2
0.291 -5.5
0.292 -4.8
0.293 -4.1
0.294 -3.4
0.295 -2.7
0.296 -2.0
0.297 -1.3
0.298 -0.6
0.299 0.1
0.3 0.7
0.301 1.4
0.302 2.0
0.303 2.5
0.304 3.1
0.305 3.6
0.306 4.0
0.307 4.4
0.308 4.8
0.309 5.1
0.31 5.3
0.311 5.5
0.312 5.7
0.313 5.9
0.314 5.9
0.315 5.9
0.316 6.0
0.317 6.1
0.318 6.2
0.319 6.3
0.32 6.3
0.321 6.3
0.322 6.2
0.323 6.2
0.324 6.2
0.325 6.2
0.326 6.2
0.327 6.2
0.328 6.2
0.329 6.2
0.33 6.3
0.331 6.4
0.332 6.4
0.333 6.4
0.334 6.5
0.335 6.6
0.336 6.7
0.337 6.8
0.338 6.9
0.339 7.0
0.34 7.0
0.341 7.1
0.342 7.2
0.343 7.4
0.344 7.4
0.345 7.6
0.346 7.6
0.347 7.7
0.348 7.8
0.349 7.9
0.35 8.0
0.351 8.0
0.352 8.1
0.353 8.1
0.354 8.2
0.355 8.2
0.356 8.3
0.357 8.4
0.358 8.5
0.359 8.5
0.36 8.6
0.361 8.7
0.362 8.7
0.363 8.8
0.364 8.9
0.365 9.0
0.366 9.0
0.367 9.2
0.368 9.2
0.369 9.3
0.37 9.4
0.371 9.5
0.372 9.7
0.373 9.8
0.374 9.9
0.375 10.0
0.376 10.2
0.377 10.3
0.378 10.5
0.379 10.6
0.38 10.8
0.381 11.0
0.382 11.1
0.383 11.3
0.384 11.4
0.385 11.6
0.386 11.7
0.387 11.9
0.388 12.0
0.389 12.1
0.39 12.2
0.391 12.3
0.392 12.4
0.393 12.5
0.394 12.6
0.395 12.7
0.396 12.7
0.397 12.8
0.398 12.8
0.399 12.8
0.4 12.8
0.401 12.9
0.402 12.9
0.403 12.8
0.404 12.8
0.405 12.7
0.406 12.7
0.407 12.5
0.408 12.4
0.409 12.3
0.41 12.2
0.411 12.1
0.412 12.0
0.413 11.8
0.414 11.6
0.415 11.4
0.416 11.3
0.417 11.1
0.418 10.9
0.419 10.7
0.42 10.5
0.421 10.2
0.422 10.0
0.423 9.8
0.424 9.5
0.425 9.3
0.426 9.0
0.427 8.7
0.428 8.4
0.429 8.1
0.43 7.8
0.431 7.5
0.432 7.2
0.433 6.9
0.434 6.5
0.435 6.2
0.436 5.8
0.437 5.5
0.438 5.1
0.439 4.7
0.44 4.3
0.441 3.9
0.442 3.5
0.443 3.0
0.444 2.6
0.445 2.1
0.446 1.7
0.447 1.2
0.448 0.7
0.449 0.2
0.45 -0.3
0.451 -0.8
0.452 -1.3
0.453 -1.8
0.454 -2.3
0.455 -2.8
0.456 -3.4
0.457 -3.9
0.458 -4.5
0.459 -5.0
0.46 -5.6
0.461 -6.1
0.462 -6.7
0.463 -7.3
0.464 -7.9
0.465 -8.5
0.466 -9.1
0.467 -9.6
0.468 -10.2
0.469 -10.8
0.47 -11.4
0.471 -12.0
0.472 -12.6
0.473 -13.2
0.474 -13.8
0.475 -14.4
0.476 -15.0
0.477 -15.5
0.478 -16.1
0.479 -16.6
0.48 -17.2
0.481 -17.7
0.482 -18.3
0.483 -18.8
0.484 -19.3
0.485 -19.7
0.486 -20.2
0.487 -20.6
0.488 -21.1
0.489 -21.5
0.49 -22.0
0.491 -22.4
0.492 -22.8
0.493 -23.1
0.494 -23.4
0.495 -23.6
0.496 -23.9
0.497 -24.1
0.498 -24.2
0.499 -24.4
0.5 -24.6
0.501 -24.7
0.502 -24.8
0.503 -24.9
0.504 -24.9
0.505 -24.9
0.506 -24.9
0.507 -24.9
0.508 -24.8
0.509 -24.7
0.51 -24.6
0.511 -24.4
0.512 -24.3
0.513 -24.1
0.514 -23.8
0.515 -23.6
0.516 -23.3
0.517 -23.1
0.518 -22.8
0.519 -22.5
0.52 -22.2
0.521 -21.9
0.522 -21.6
0.523 -21.2
0.524 -20.8
0.525 -20.5
0.526 -20.1
0.527 -19.7
0.528 -19.3
0.529 -18.8
0.53 -18.4
0.531 -17.9
0.532 -17.5
0.533 -17.0
0.534 -16.5
0.535 -16.1
0.536 -15.6
0.537 -15.1
0.538 -14.6
0.539 -14.1
0.54 -13.5
0.541 -13.0
0.542 -12.4
0.543 -11.9
0.544 -11.3
0.545 -10.8
0.546 -10.2
0.547 -9.6
0.548 -9.0
0.549 -8.4
0.55 -7.8
0.551 -7.2
0.552 -6.6
0.553 -6.0
0.554 -5.3
0.555 -4.7
0.556 -4.1
0.557 -3.4
0.558 -2.8
0.559 -2.2
0.56 -1.6
0.561 -1.0
0.562 -0.5
0.563 0.0
0.564 0.6
0.565 1.1
0.566 1.5
0.567 1.9
0.568 2.4
0.569 2.7
0.57 3.1
0.571 3.3
0.572 3.6
0.573 3.8
0.574 3.9
0.575 4.0
0.576 4.1
0.577 4.1
0.578 4.0
0.579 3.9
0.58 3.8
0.581 3.6
0.582 3.4
0.583 3.1
0.584 2.8
0.585 2.4
0.586 2.1
0.587 1.7
0.588 1.2
0.589 0.8
0.59 0.3
0.591 -0.2
0.592 -0.8
0.593 -1.3
0.594 -1.9
0.595 -2.4
0.596 -3.0
0.597 -3.6
0.598 -4.2
0.599 -4.8
0.6 -5.4
0.601 -6.0
0.602 -6.6
0.603 -7.1
0.604 -7.7
0.605 -8.3
0.606 -8.9
0.607 -9.5
0.608 -10.0
0.609 -10.6
0.61 -11.1
0.611 -11.6
0.612 -12.2
0.613 -12.7
0.614 -13.3
0.615 -13.8
0.616 -14.3
0.617 -14.8
0.618 -15.4
0.619 -15.9
0.62 -16.4
0.621 -16.9
0.622 -17.4
0.623 -17.9
0.624 -18.4
0.625 -18.9
0.626 -19.3
0.627 -19.8
0.628 -20.2
0.629 -20.7
0.63 -21.1
0.631 -21.6
0.632 -22.0
0.633 -22.4
0.634 -22.8
0.635 -23.1
0.636 -23.4
0.637 -23.7
0.638 -24.0
0.639 -24.3
0.64 -24.6
0.641 -24.8
0.642 -25.0
0.643 -25.2
0.644 -25.4
0.645 -25.5
0.646 -25.6
0.647 -25.7
0.648 -25.7
0.649 -25.7
0.65 -25.7
0.651 -25.7
0.652 -25.6
0.653 -25.5
0.654 -25.3
0.655 -25.2
0.656 -25.1
0.657 -24.9
0.658 -24.7
0.659 -24.5
0.66 -24.2
0.661 -23.9
0.662 -23.6
0.663 -23.3
0.664 -23.0
0.665 -22.6
0.666 -22.3
0.667 -21.9
0.668 -21.4
0.669 -21.0
0.67 -20.6
0.671 -20.1
0.672 -19.6
0.673 -19.1
0.674 -18.6
0.675 -18.1
0.676 -17.6
0.677 -17.1
0.678 -16.5
0.679 -16.0
0.68 -15.4
0.681 -14.9
0.682 -14.3
0.683 -13.7
0.684 -13.1
0.685 -12.5
0.686 -11.8
0.687 -11.2
0.688 -10.5
0.689 -9.8
0.69 -9.2
0.691 -8.5
0.692 -7.7
0.693 -7.0
0.694 -6.3
0.695 -5.5
0.696 -4.8
0.697 -4.0
0.698 -3.3
0.699 -2.5
0.7 -1.8
0.701 -1.1
0.702 -0.3
0.703 0.3
0.704 1.0
0.705 1.7
0.706 2.3
0.707 2.9
0.708 3.4
0.709 4.0
0.71 4.4
0.711 4.8
0.712 5.2
0.713 5.5
0.714 5.7
0.715 5.9
0.716 6.1
0.717 6.2
0.718 6.3
0.719 6.4
0.72 6.6
0.721 6.8
0.722 6.9
0.723 7.0
0.724 7.0
0.725 7.0
0.726 7.0
0.727 7.1
0.728 7.2
0.729 7.2
0.73 7.3
0.731 7.3
0.732 7.4
0.733 7.5
0.734 7.5
0.735 7.6
0.736 7.6
0.737 7.7
0.738 7.8
0.739 8.0
0.74 8.1
0.741 8.2
0.742 8.3
0.743 8.4
0.744 8.5
0.745 8.6
0.746 8.7
0.747 8.8
0.748 8.9
0.749 9.0
0.75 9.1
0.751 9.2
0.752 9.3
0.753 9.4
0.754 9.4
0.755 9.5
0.756 9.5
0.757 9.6
0.758 9.7
0.759 9.7
0.76 9.8
0.761 9.9
0.762 9.9
0.763 9.9
0.764 10.0
0.765 10.0
0.766 10.1
0.767 10.2
0.768 10.2
0.769 10.3
0.77 10.3
0.771 10.4
0.772 10.4
0.773 10.5
0.774 10.6
0.775 10.7
0.776 10.8
0.777 10.8
0.778 10.9
0.779 11.0
0.78 11.1
0.781 11.2
0.782 11.3
0.783 11.4
0.784 11.5
0.785 11.6
0.786 11.7
0.787 11.8
0.788 11.8
0.789 11.9
0.79 11.9
0.791 12.0
0.792 12.0
0.793 12.1
0.794 12.1
0.795 12.0
0.796 12.0
0.797 12.0
0.798 12.0
0.799 11.9
0.8 11.9
0.801 11.8
0.802 11.7
0.803 11.6
0.804 11.5
0.805 11.5
0.806 11.3
0.807 11.2
0.808 11.1
0.809 11.0
0.81 10.8
0.811 10.6
0.812 10.5
0.813 10.3
0.814 10.1
0.815 9.9
0.816 9.8
0.817 9.6
0.818 9.4
0.819 9.2
0.82 9.0
0.821 8.8
0.822 8.6
0.823 8.4
0.824 8.2
0.825 8.0
0.826 7.8
0.827 7.6
0.828 7.4
0.829 7.1
0.83 6.8
0.831 6.6
0.832 6.3
0.833 6.1
0.834 5.8
0.835 5.5
0.836 5.2
0.837 4.8
0.838 4.5
0.839 4.2
0.84 3.8
0.841 3.4
0.842 3.1
0.843 2.7
0.844 2.3
0.845 1.9
0.846 1.5
0.847 1.1
0.848 0.7
0.849 0.3
0.85 -0.2
0.851 -0.7
0.852 -1.0
0.853 -1.5
0.854 -2.0
0.855 -2.4
0.856 -2.8
0.857 -3.3
0.858 -3.8
0.859 -4.2
0.86 -4.6
0.861 -5.1
0.862 -5.6
0.863 -6.1
0.864 -6.6
0.865 -7.1
0.866 -7.6
0.867 -8.1
0.868 -8.6
0.869 -9.1
0.87 -9.6
0.871 -10.1
0.872 -10.6
0.873 -11.2
0.874 -11.7
0.875 -12.3
0.876 -12.8
0.877 -13.3
0.878 -13.8
0.879 -14.3
0.88 -14.9
0.881 -15.4
0.882 -15.9
0.883 -16.4
0.884 -16.9
0.885 -17.4
0.886 -17.8
0.887 -18.3
0.888 -18.8
0.889 -19.2
0.89 -19.6
0.891 -20.0
0.892 -20.4
0.893 -20.8
0.894 -21.2
0.895 -21.5
0.896 -21.9
0.897 -22.2
0.898 -22.5
0.899 -22.7
0.9 -23.0
0.901 -23.1
0.902 -23.3
0.903 -23.4
0.904 -23.5
0.905 -23.6
0.906 -23.7
0.907 -23.7
0.908 -23.8
0.909 -23.7
0.91 -23.7
0.911 -23.7
0.912 -23.6
0.913 -23.5
0.914 -23.4
0.915 -23.3
0.916 -23.1
0.917 -22.9
0.918 -22.7
0.919 -22.5
0.92 -22.3
0.921 -22.0
0.922 -21.7
0.923 -21.4
0.924 -21.2
0.925 -20.9
0.926 -20.5
0.927 -20.2
0.928 -19.8
0.929 -19.5
0.93 -19.1
0.931 -18.7
0.932 -18.3
0.933 -17.9
0.934 -17.4
0.935 -17.0
0.936 -16.5
0.937 -16.1
0.938 -15.6
0.939 -15.2
0.94 -14.7
0.941 -14.2
0.942 -13.7
0.943 -13.2
0.944 -12.7
0.945 -12.2
0.946 -11.6
0.947 -11.1
0.948 -10.6
0.949 -10.0
0.95 -9.5
0.951 -8.9
0.952 -8.3
0.953 -7.7
0.954 -7.1
0.955 -6.5
0.956 -5.9
0.957 -5.3
0.958 -4.8
0.959 -4.2
0.96 -3.6
0.961 -3.0
0.962 -2.5
0.963 -1.9
0.964 -1.4
0.965 -0.9
0.966 -0.4
0.967 0.1
0.968 0.6
0.969 1.0
0.97 1.4
0.971 1.7
0.972 2.0
0.973 2.3
0.974 2.5
0.975 2.7
0.976 2.9
0.977 3.0
0.978 3.1
0.979 3.1
0.98 3.0
0.981 2.9
0.982 2.8
0.983 2.6
0.984 2.4
0.985 2.2
0.986 1.9
0.987 1.6
0.988 1.2
0.989 0.9
0.99 0.5
0.991 0.0
0.992 -0.4
0.993 -0.9
0.994 -1.4
0.995 -1.9
0.996 -2.4
0.997 -2.9
0.998 -3.4
0.999 -4.0
1.0 -4.5
1.001 -5.0
1.002 -5.6
1.003 -6.1
1.004 -6.7
1.005 -7.2
1.006 -7.8
1.007 -8.3
1.008 -8.8
1.009 -9.3
1.01 -9.8
1.011 -10.4
1.012 -10.9
1.013 -11.4
1.014 -11.9
1.015 -12.4
1.016 -12.9
1.017 -13.4
1.018 -13.9
1.019 -14.4
1.02 -14.9
1.021 -15.4
1.022 -15.8
1.023 -16.3
1.024 -16.8
1.025 -17.2
1.026 -17.7
1.027 -18.2
1.028 -18.6
1.029 -19.0
1.03 -19.5
1.031 -19.9
1.032 -20.3
1.033 -20.7
1.034 -21.1
1.035 -21.5
1.036 -21.9
1.037 -22.2
1.038 -22.6
1.039 -22.9
1.04 -23.2
1.041 -23.5
1.042 -23.7
1.043 -24.0
1.044 -24.2
1.045 -24.4
1.046 -24.5
1.047 -24.7
1.048 -24.8
1.049 -24.9
1.05 -24.9
1.051 -25.0
1.052 -25.0
1.053 -25.0
1.054 -24.9
1.055 -24.9
1.056 -24.8
1.057 -24.7
1.058 -24.5
1.059 -24.3
1.06 -24.1
1.061 -23.9
1.062 -23.7
1.063 -23.5
1.064 -23.2
1.065 -22.9
1.066 -22.6
1.067 -22.2
1.068 -21.9
1.069 -21.5
1.07 -21.1
1.071 -20.7
1.072 -20.2
1.073 -19.8
1.074 -19.3
1.075 -18.8
1.076 -18.3
1.077 -17.8
1.078 -17.3
1.079 -16.8
1.08 -16.3
1.081 -15.7
1.082 -15.2
1.083 -14.6
1.084 -14.0
1.085 -13.5
1.086 -12.9
1.087 -12.2
1.088 -11.6
1.089 -11.0
1.09 -10.3
1.091 -9.7
1.092 -9.0
1.093 -8.3
1.094 -7.6
1.095 -6.9
1.096 -6.2
1.097 -5.5
1.098 -4.7
1.099 -4.0
1.1 -3.3
1.101 -2.5
1.102 -1.8
1.103 -1.1
1.104 -0.3
1.105 0.3
1.106 1.0
1.107 1.7
1.108 2.3
1.109 2.9
1.11 3.4
1.111 3.9
1.112 4.4
1.113 4.8
1.114 5.2
1.115 5.5
1.116 5.7
1.117 5.9
1.118 6.1
1.119 6.2
1.12 6.3
1.121 6.3
1.122 6.3
1.123 6.5
1.124 6.6
1.125 6.7
1.126 6.7
1.127 6.7
1.128 6.6
1.129 6.7
1.13 6.7
1.131 6.7
1.132 6.7
1.133 6.7
1.134 6.7
1.135 6.8
1.136 6.8
1.137 6.9
1.138 6.9
1.139 6.9
1.14 7.0
1.141 7.1
1.142 7.2
1.143 7.3
1.144 7.4
1.145 7.5
1.146 7.6
1.147 7.7
1.148 7.8
1.149 7.9
1.15 8.0
1.151 8.1
1.152 8.1
1.153 8.2
1.154 8.3
1.155 8.4
1.156 8.5
1.157 8.5
1.158 8.5
1.159 8.6
1.16 8.6
1.161 8.7
1.162 8.7
1.163 8.8
1.164 8.9
1.165 9.0
1.166 9.0
1.167 9.0
1.168 9.1
1.169 9.2
1.17 9.3
1.171 9.3
1.172 9.4
1.173 9.5
1.174 9.6
1.175 9.7
1.176 9.7
1.177 9.8
1.178 9.9
1.179 10.1
1.18 10.1
1.181 10.2
1.182 10.4
1.183 10.5
1.184 10.6
1.185 10.7
1.186 10.9
1.187 11.0
1.188 11.1
1.189 11.2
1.19 11.3
1.191 11.5
1.192 11.6
1.193 11.7
1.194 11.8
1.195 11.8
1.196 11.9
1.197 11.9
1.198 12.0
1.199 12.0
1.2 12.0
1.201 12.0
1.202 12.0
1.203 12.0
1.204 12.0
1.205 12.0
1.206 11.9
1.207 11.8
1.208 11.8
1.209 11.7
1.21 11.6
1.211 11.5
1.212 11.3
1.213 11.1
1.214 11.0
1.215 10.8
1.216 10.7
1.217 10.5
1.218 10.3
1.219 10.2
1.22 10.0
1.221 9.7
1.222 9.5
1.223 9.3
1.224 9.1
1.225 8.9
1.226 8.6
1.227 8.4
1.228 8.2
1.229 8.0
1.23 7.7
1.231 7.5
1.232 7.2
1.233 6.9
1.234 6.7
1.235 6.4
1.236 6.1
1.237 5.8
1.238 5.5
1.239 5.1
1.24 4.8
1.241 4.5
1.242 4.1
1.243 3.7
1.244 3.3
1.245 2.9
1.246 2.5
1.247 2.1
1.248 1.7
1.249 1.3
1.25 0.8
1.251 0.4
1.252 -0.1
1.253 -0.6
1.254 -1.1
1.255 -1.6
1.256 -2.0
1.257 -2.6
1.258 -3.1
1.259 -3.6
1.26 -4.1
1.261 -4.6
1.262 -5.2
1.263 -5.7
1.264 -6.2
1.265 -6.8
1.266 -7.4
1.267 -7.9
1.268 -8.5
1.269 -9.0
1.27 -9.6
1.271 -10.2
1.272 -10.8
1.273 -11.4
1.274 -12.0
1.275 -12.5
1.276 -13.1
1.277 -13.7
1.278 -14.2
1.279 -14.8
1.28 -15.3
1.281 -15.9
1.282 -16.4
1.283 -17.0
1.284 -17.5
1.285 -18.0
1.286 -18.5
1.287 -19.0
1.288 -19.5
1.289 -20.0
1.29 -20.4
1.291 -20.9
1.292 -21.3
1.293 -21.7
1.294 -22.1
1.295 -22.5
1.296 -22.8
1.297 -23.1
1.298 -23.3
1.299 -23.5
1.3 -23.7
1.301 -23.9
1.302 -24.0
1.303 -24.2
1.304 -24.3
1.305 -24.4
1.306 -24.4
1.307 -24.4
1.308 -24.4
1.309 -24.4
1.31 -24.4
1.311 -24.3
1.312 -24.1
1.313 -24.0
1.314 -23.8
1.315 -23.6
1.316 -23.4
1.317 -23.1
1.318 -22.8
1.319 -22.5
1.32 -22.3
1.321 -21.9
1.322 -21.6
1.323 -21.3
1.324 -21.0
1.325 -20.6
1.326 -20.2
1.327 -19.9
1.328 -19.5
1.329 -19.1
1.33 -18.7
1.331 -18.2
1.332 -17.7
1.333 -17.3
1.334 -16.8
1.335 -16.3
1.336 -15.8
1.337 -15.3
1.338 -14.8
1.339 -14.3
1.34 -13.8
1.341 -13.2
1.342 -12.7
1.343 -12.1
1.344 -11.5
1.345 -11.0
1.346 -10.4
1.347 -9.8
1.348 -9.3
1.349 -8.6
1.35 -8.1
1.351 -7.4
1.352 -6.8
1.353 -6.2
1.354 -5.6
1.355 -5.0
1.356 -4.4
1.357 -3.8
1.358 -3.1
1.359 -2.6
1.36 -2.0
1.361 -1.4
1.362 -0.9
1.363 -0.4
1.364 0.2
1.365 0.6
1.366 1.1
1.367 1.5
1.368 1.9
1.369 2.2
1.37 2.6
1.371 2.9
1.372 3.1
1.373 3.3
1.374 3.4
1.375 3.6
1.376 3.6
1.377 3.6
1.378 3.6
1.379 3.6
1.38 3.5
1.381 3.3
1.382 3.2
1.383 2.9
1.384 2.7
1.385 2.4
1.386 2.1
1.387 1.8
1.388 1.4
1.389 1.0
1.39 0.6
1.391 0.2
1.392 -0.3
1.393 -0.8
1.394 -1.3
1.395 -1.8
1.396 -2.3
1.397 -2.8
1.398 -3.3
1.399 -3.8
1.4 -4.4
1.401 -4.9
1.402 -5.4
1.403 -6.0
1.404 -6.5
1.405 -7.1
1.406 -7.6
1.407 -8.1
1.408 -8.6
1.409 -9.2
1.41 -9.7
1.411 -10.2
1.412 -10.7
1.413 -11.2
1.414 -11.7
1.415 -12.2
1.416 -12.7
1.417 -13.2
1.418 -13.7
1.419 -14.1
1.42 -14.6
1.421 -15.1
1.422 -15.6
1.423 -16.1
1.424 -16.5
1.425 -17.0
1.426 -17.4
1.427 -17.9
1.428 -18.3
1.429 -18.8
1.43 -19.2
1.431 -19.6
1.432 -20.1
1.433 -20.5
1.434 -20.9
1.435 -21.2
1.436 -21.6
1.437 -22.0
1.438 -22.3
1.439 -22.7
1.44 -22.9
1.441 -23.2
1.442 -23.5
1.443 -23.8
1.444 -24.0
1.445 -24.2
1.446 -24.4
1.447 -24.6
1.448 -24.7
1.449 -24.8
1.45 -24.8
1.451 -24.9
1.452 -24.9
1.453 -24.9
1.454 -24.9
1.455 -24.8
1.456 -24.7
1.457 -24.6
1.458 -24.4
1.459 -24.2
1.46 -24.0
1.461 -23.8
1.462 -23.6
1.463 -23.3
1.464 -23.0
1.465 -22.7
1.466 -22.4
1.467 -22.1
1.468 -21.7
1.469 -21.3
1.47 -21.0
1.471 -20.5
1.472 -20.1
1.473 -19.6
1.474 -19.2
1.475 -18.7
1.476 -18.2
1.477 -17.7
1.478 -17.2
1.479 -16.7
1.48 -16.2
1.481 -15.7
1.482 -15.2
1.483 -14.6
1.484 -14.1
1.485 -13.5
1.486 -12.9
1.487 -12.3
1.488 -11.7
1.489 -11.1
1.49 -10.5
1.491 -9.9
1.492 -9.2
1.493 -8.6
1.494 -7.9
1.495 -7.2
1.496 -6.5
1.497 -5.8
1.498 -5.1
1.499 -4.3
1.5 -3.6
1.501 -2.9
1.502 -2.2
1.503 -1.5
1.504 -0.9
1.505 -0.2
1.506 0.5
1.507 1.1
1.508 1.7
1.509 2.3
1.51 2.9
1.511 3.3
1.512 3.8
1.513 4.2
1.514 4.6
1.515 4.9
1.516 5.1
1.517 5.3
1.518 5.4
1.519 5.4
1.52 5.4
1.521 5.4
1.522 5.3
1.523 5.0
1.524 4.8
1.525 4.5
1.526 4.2
1.527 3.8
1.528 3.3
1.529 2.9
1.53 2.3
1.531 1.8
1.532 1.2
1.533 0.7
1.534 0.0
1.535 -0.6
1.536 -1.2
1.537 -1.9
1.538 -2.5
1.539 -3.2
1.54 -3.9
1.541 -4.6
1.542 -5.2
1.543 -5.8
1.544 -6.5
1.545 -7.1
1.546 -7.8
1.547 -8.4
1.548 -9.0
1.549 -9.6
1.55 -10.2
1.551 -10.8
1.552 -11.4
1.553 -12.0
1.554 -12.6
1.555 -13.2
1.556 -13.8
1.557 -14.4
1.558 -14.9
1.559 -15.5
1.56 -16.1
1.561 -16.6
1.562 -17.2
1.563 -17.7
1.564 -18.2
1.565 -18.7
1.566 -19.2
1.567 -19.7
1.568 -20.2
1.569 -20.7
1.57 -21.2
1.571 -21.6
1.572 -22.0
1.573 -22.5
1.574 -22.9
1.575 -23.3
1.576 -23.6
1.577 -23.9
1.578 -24.2
1.579 -24.5
1.58 -24.7
1.581 -25.0
1.582 -25.2
1.583 -25.5
1.584 -25.7
1.585 -25.9
1.586 -26.0
1.587 -26.1
1.588 -26.2
1.589 -26.3
1.59 -26.3
1.591 -26.3
1.592 -26.3
1.593 -26.2
1.594 -26.1
1.595 -26.0
1.596 -25.9
1.597 -25.8
1.598 -25.6
1.599 -25.4
1.6 -25.2
1.601 -25.0
1.602 -24.8
1.603 -24.5
1.604 -24.3
1.605 -24.0
1.606 -23.6
1.607 -23.3
1.608 -22.9
1.609 -22.6
1.61 -22.2
1.611 -21.8
1.612 -21.3
1.613 -20.8
1.614 -20.4
1.615 -19.8
1.616 -19.4
1.617 -18.9
1.618 -18.3
1.619 -17.8
1.62 -17.3
1.621 -16.8
1.622 -16.2
1.623 -15.7
1.624 -15.1
1.625 -14.5
1.626 -13.9
1.627 -13.3
1.628 -12.7
1.629 -12.0
1.63 -11.3
1.631 -10.7
1.632 -10.0
1.633 -9.3
1.634 -8.6
1.635 -7.8
1.636 -7.1
1.637 -6.3
1.638 -5.5
1.639 -4.8
1.64 -4.0
1.641 -3.2
1.642 -2.4
1.643 -1.6
1.644 -0.9
1.645 -0.1
1.646 0.6
1.647 1.4
1.648 2.1
1.649 2.7
1.65 3.4
1.651 4.0
1.652 4.5
1.653 5.0
1.654 5.4
1.655 5.8
1.656 6.2
1.657 6.6
1.658 6.8
1.659 7.1
1.66 7.3
1.661 7.5
1.662 7.9
1.663 8.1
1.664 8.4
1.665 8.5
1.666 8.6
1.667 8.7
1.668 8.9
1.669 9.1
1.67 9.2
1.671 9.4
1.672 9.4
1.673 9.5
1.674 9.7
1.675 9.8
1.676 9.9
1.677 10.0
1.678 10.1
1.679 10.2
1.68 10.3
1.681 10.4
1.682 10.6
1.683 10.7
1.684 10.8
1.685 10.9
1.686 11.0
1.687 11.1
1.688 11.2
1.689 11.3
1.69 11.4
1.691 11.5
1.692 11.5
1.693 11.6
1.694 11.6
1.695 11.7
1.696 11.7
1.697 11.7
1.698 11.7
1.699 11.8
1.7 11.8
1.701 11.8
1.702 11.8
1.703 11.9
1.704 11.9
1.705 11.9
1.706 12.0
1.707 12.0
1.708 12.1
1.709 12.1
1.71 12.1
1.711 12.1
1.712 12.2
1.713 12.2
1.714 12.2
1.715 12.3
1.716 12.3
1.717 12.3
1.718 12.4
1.719 12.4
1.72 12.5
1.721 12.5
1.722 12.5
1.723 12.5
1.724 12.6
1.725 12.6
1.726 12.6
1.727 12.6
1.728 12.6
1.729 12.6
1.73 12.6
1.731 12.5
1.732 12.5
1.733 12.4
1.734 12.3
1.735 12.2
1.736 12.1
1.737 11.9
1.738 11.8
1.739 11.6
1.74 11.5
1.741 11.3
1.742 11.1
1.743 10.9
1.744 10.7
1.745 10.5
1.746 10.3
1.747 10.1
1.748 9.9
1.749 9.7
1.75 9.4
1.751 9.1
1.752 8.9
1.753 8.6
1.754 8.3
1.755 8.1
1.756 7.8
1.757 7.5
1.758 7.2
1.759 6.9
1.76 6.6
1.761 6.3
1.762 5.9
1.763 5.6
1.764 5.2
1.765 4.9
1.766 4.5
1.767 4.1
1.768 3.8
1.769 3.4
1.77 3.0
1.771 2.6
1.772 2.1
1.773 1.7
1.774 1.2
1.775 0.7
1.776 0.2
1.777 -0.3
1.778 -0.9
1.779 -1.4
1.78 -2.0
1.781 -2.6
1.782 -3.3
1.783 -3.9
1.784 -4.6
1.785 -5.2
1.786 -5.9
1.787 -6.6
1.788 -7.3
1.789 -8.0
1.79 -8.7
1.791 -9.4
1.792 -10.2
1.793 -10.9
1.794 -11.7
1.795 -12.4
1.796 -13.1
1.797 -13.8
1.798 -14.5
1.799 -15.2
1.8 -16.0
1.801 -16.6
1.802 -17.3
1.803 -18.0
1.804 -18.6
1.805 -19.3
1.806 -20.0
1.807 -20.6
1.808 -21.2
1.809 -21.8
1.81 -22.4
1.811 -22.9
1.812 -23.5
1.813 -23.9
1.814 -24.4
1.815 -24.8
1.816 -25.1
1.817 -25.4
1.818 -25.6
1.819 -25.8
1.82 -26.0
1.821 -26.2
1.822 -26.3
1.823 -26.4
1.824 -26.5
1.825 -26.5
1.826 -26.5
1.827 -26.5
1.828 -26.5
1.829 -26.3
1.83 -26.2
1.831 -26.0
1.832 -25.8
1.833 -25.5
1.834 -25.2
1.835 -24.9
1.836 -24.6
1.837 -24.2
1.838 -23.8
1.839 -23.4
1.84 -23.0
1.841 -22.6
1.842 -22.2
1.843 -21.8
1.844 -21.3
1.845 -20.9
1.846 -20.4
1.847 -20.0
1.848 -19.5
1.849 -19.0
1.85 -18.5
1.851 -18.0
1.852 -17.5
1.853 -16.9
1.854 -16.4
1.855 -15.8
1.856 -15.3
1.857 -14.7
1.858 -14.1
1.859 -13.6
1.86 -13.0
1.861 -12.4
1.862 -11.8
1.863 -11.1
1.864 -10.5
1.865 -9.9
1.866 -9.3
1.867 -8.7
1.868 -8.1
1.869 -7.5
1.87 -6.9
1.871 -6.2
1.872 -5.6
1.873 -5.0
1.874 -4.4
1.875 -3.8
1.876 -3.1
1.877 -2.6
1.878 -1.9
1.879 -1.4
1.88 -0.8
1.881 -0.3
1.882 0.2
1.883 0.7
1.884 1.1
1.885 1.5
1.886 1.9
1.887 2.3
1.888 2.6
1.889 2.9
1.89 3.2
1.891 3.5
1.892 3.7
1.893 3.9
1.894 4.0
1.895 4.1
1.896 4.2
1.897 4.3
1.898 4.3
1.899 4.3
1.9 4.2
1.901 4.1
1.902 4.0
1.903 3.8
1.904 3.6
1.905 3.4
1.906 3.2
1.907 2.9
1.908 2.6
1.909 2.2
1.91 1.9
1.911 1.5
1.912 1.0
1.913 0.5
1.914 0.1
1.915 -0.4
1.916 -0.9
1.917 -1.4
1.918 -1.9
1.919 -2.5
1.92 -3.1
1.921 -3.6
1.922 -4.3
1.923 -4.8
1.924 -5.4
1.925 -6.0
1.926 -6.6
1.927 -7.2
1.928 -7.8
1.929 -8.4
1.93 -8.9
1.931 -9.5
1.932 -10.1
1.933 -10.7
1.934 -11.3
1.935 -11.8
1.936 -12.4
1.937 -13.0
1.938 -13.6
1.939 -14.1
1.94 -14.7
1.941 -15.3
1.942 -15.8
1.943 -16.4
1.944 -17.0
1.945 -17.5
1.946 -18.1
1.947 -18.6
1.948 -19.2
1.949 -19.7
1.95 -20.2
1.951 -20.7
1.952 -21.2
1.953 -21.7
1.954 -22.1
1.955 -22.6
1.956 -23.0
1.957 -23.4
1.958 -23.8
1.959 -24.2
1.96 -24.5
1.961 -24.8
1.962 -25.1
1.963 -25.4
1.964 -25.7
1.965 -25.9
1.966 -26.1
1.967 -26.3
1.968 -26.4
1.969 -26.5
1.97 -26.6
1.971 -26.6
1.972 -26.6
1.973 -26.5
1.974 -26.4
1.975 -26.3
1.976 -26.1
1.977 -25.9
1.978 -25.7
1.979 -25.5
1.98 -25.2
1.981 -25.0
1.982 -24.6
1.983 -24.3
1.984 -24.0
1.985 -23.6
1.986 -23.2
1.987 -22.8
1.988 -22.4
1.989 -22.0
1.99 -21.5
1.991 -21.1
1.992 -20.6
1.993 -20.1
1.994 -19.6
1.995 -19.1
1.996 -18.5
1.997 -18.0
1.998 -17.4
1.999 -16.9
2.0 -16.3
2.001 -15.7
2.002 -15.2
2.003 -14.6
2.004 -14.0
2.005 -13.4
2.006 -12.7
2.007 -12.1
2.008 -11.4
2.009 -10.7
2.01 -10.1
2.011 -9.4
2.012 -8.6
2.013 -7.9
2.014 -7.2
2.015 -6.5
2.016 -5.7
2.017 -4.9
2.018 -4.2
2.019 -3.4
2.02 -2.6
2.021 -1.9
2.022 -1.1
2.023 -0.4
2.024 0.3
2.025 1.0
2.026 1.7
2.027 2.4
2.028 3.0
2.029 3.6
2.03 4.1
2.031 4.6
2.032 5.1
2.033 5.5
2.034 5.9
2.035 6.2
2.036 6.5
2.037 6.8
2.038 7.0
2.039 7.2
2.04 7.4
2.041 7.7
2.042 8.0
2.043 8.2
2.044 8.4
2.045 8.5
2.046 8.7
2.047 8.9
2.048 9.0
2.049 9.2
2.05 9.4
2.051 9.5
2.052 9.7
2.053 9.8
2.054 10.0
2.055 10.2
2.056 10.4
2.057 10.5
2.058 10.6
2.059 10.8
2.06 11.0
2.061 11.2
2.062 11.5
2.063 11.7
2.064 11.8
2.065 12.0
2.066 12.2
2.067 12.3
2.068 12.5
2.069 12.6
2.07 12.8
2.071 12.9
2.072 13.0
2.073 13.1
2.074 13.2
2.075 13.3
2.076 13.4
2.077 13.5
2.078 13.5
2.079 13.6
2.08 13.6
2.081 13.6
2.082 13.7
2.083 13.7
2.084 13.8
2.085 13.8
2.086 13.9
2.087 14.0
2.088 14.0
2.089 14.1
2.09 14.1
2.091 14.1
2.092 14.1
2.093 14.1
2.094 14.1
2.095 14.1
2.096 14.1
2.097 14.1
2.098 14.0
2.099 14.0
2.1 14.0
2.101 13.9
2.102 13.9
2.103 13.8
2.104 13.8
2.105 13.7
2.106 13.6
2.107 13.5
2.108 13.4
2.109 13.3
2.11 13.2
2.111 13.1
2.112 13.0
2.113 12.8
2.114 12.6
2.115 12.4
2.116 12.2
2.117 12.0
2.118 11.8
2.119 11.6
2.12 11.3
2.121 11.1
2.122 10.9
2.123 10.6
2.124 10.4
2.125 10.1
2.126 9.9
2.127 9.7
2.128 9.4
2.129 9.2
2.13 9.0
2.131 8.7
2.132 8.5
2.133 8.2
2.134 7.9
2.135 7.6
2.136 7.4
2.137 7.1
2.138 6.8
2.139 6.5
2.14 6.2
2.141 5.9
2.142 5.6
2.143 5.3
2.144 5.0
2.145 4.7
2.146 4.3
2.147 4.0
2.148 3.6
2.149 3.3
2.15 2.9
2.151 2.6
2.152 2.2
2.153 1.8
2.154 1.4
2.155 1.0
2.156 0.5
2.157 0.1
2.158 -0.3
2.159 -0.8
2.16 -1.2
2.161 -1.7
2.162 -2.2
2.163 -2.6
2.164 -3.1
2.165 -3.6
2.166 -4.2
2.167 -4.7
2.168 -5.2
2.169 -5.8
2.17 -6.4
2.171 -6.9
2.172 -7.5
2.173 -8.1
2.174 -8.7
2.175 -9.2
2.176 -9.8
2.177 -10.4
2.178 -11.0
2.179 -11.6
2.18 -12.2
2.181 -12.8
2.182 -13.4
2.183 -13.9
2.184 -14.5
2.185 -15.1
2.186 -15.6
2.187 -16.2
2.188 -16.7
2.189 -17.3
2.19 -17.8
2.191 -18.3
2.192 -18.8
2.193 -19.3
2.194 -19.8
2.195 -20.3
2.196 -20.8
2.197 -21.2
2.198 -21.6
2.199 -22.0
2.2 -22.4
2.201 -22.8
2.202 -23.1
2.203 -23.4
2.204 -23.7
2.205 -23.9
2.206 -24.1
2.207 -24.3
2.208 -24.5
2.209 -24.7
2.21 -24.8
2.211 -24.9
2.212 -24.9
2.213 -25.0
2.214 -25.0
2.215 -24.9
2.216 -24.9
2.217 -24.8
2.218 -24.7
2.219 -24.6
2.22 -24.4
2.221 -24.2
2.222 -23.9
2.223 -23.7
2.224 -23.4
2.225 -23.1
2.226 -22.8
2.227 -22.5
2.228 -22.2
2.229 -21.9
2.23 -21.5
2.231 -21.1
2.232 -20.8
2.233 -20.4
2.234 -19.9
2.235 -19.5
2.236 -19.1
2.237 -18.6
2.238 -18.2
2.239 -17.7
2.24 -17.2
2.241 -16.7
2.242 -16.1
2.243 -15.6
2.244 -15.1
2.245 -14.6
2.246 -14.1
2.247 -13.6
2.248 -13.1
2.249 -12.5
2.25 -11.9
2.251 -11.4
2.252 -10.8
2.253 -10.2
2.254 -9.6
2.255 -9.0
2.256 -8.4
2.257 -7.8
2.258 -7.1
2.259 -6.4
2.26 -5.8
2.261 -5.1
2.262 -4.5
2.263 -3.8
2.264 -3.1
2.265 -2.5
2.266 -1.9
2.267 -1.2
2.268 -0.6
2.269 -0.0
2.27 0.5
2.271 1.1
2.272 1.6
2.273 2.1
2.274 2.6
2.275 3.0
2.276 3.4
2.277 3.7
2.278 4.0
2.279 4.3
2.28 4.4
2.281 4.6
2.282 4.7
2.283 4.7
2.284 4.7
2.285 4.6
2.286 4.4
2.287 4.3
2.288 4.0
2.289 3.7
2.29 3.4
2.291 3.1
2.292 2.6
2.293 2.2
2.294 1.7
2.295 1.2
2.296 0.7
2.297 0.2
2.298 -0.4
2.299 -1.0
2.3 -1.6
2.301 -2.2
2.302 -2.9
2.303 -3.5
2.304 -4.1
2.305 -4.7
2.306 -5.4
2.307 -6.0
2.308 -6.6
2.309 -7.2
2.31 -7.8
2.311 -8.4
2.312 -9.0
2.313 -9.6
2.314 -10.2
2.315 -10.8
2.316 -11.3
2.317 -11.9
2.318 -12.5
2.319 -13.0
2.32 -13.6
2.321 -14.1
2.322 -14.7
2.323 -15.2
2.324 -15.7
2.325 -16.3
2.326 -16.8
2.327 -17.3
2.328 -17.9
2.329 -18.4
2.33 -18.8
2.331 -19.4
2.332 -19.8
2.333 -20.3
2.334 -20.8
2.335 -21.2
2.336 -21.7
2.337 -22.1
2.338 -22.5
2.339 -22.8
2.34 -23.2
2.341 -23.5
2.342 -23.8
2.343 -24.0
2.344 -24.3
2.345 -24.6
2.346 -24.8
2.347 -25.0
2.348 -25.2
2.349 -25.4
2.35 -25.5
2.351 -25.6
2.352 -25.7
2.353 -25.8
2.354 -25.8
2.355 -25.8
2.356 -25.7
2.357 -25.6
2.358 -25.5
2.359 -25.4
2.36 -25.2
2.361 -25.1
2.362 -24.9
2.363 -24.7
2.364 -24.5
2.365 -24.2
2.366 -24.0
2.367 -23.7
2.368 -23.4
2.369 -23.1
2.37 -22.8
2.371 -22.4
2.372 -22.1
2.373 -21.7
2.374 -21.2
2.375 -20.8
2.376 -20.3
2.377 -19.9
2.378 -19.4
2.379 -18.9
2.38 -18.4
2.381 -17.9
2.382 -17.4
2.383 -16.9
2.384 -16.3
2.385 -15.8
2.386 -15.2
2.387 -14.7
2.388 -14.1
2.389 -13.5
2.39 -12.9
2.391 -12.2
2.392 -11.6
2.393 -10.9
2.394 -10.3
2.395 -9.6
2.396 -8.9
2.397 -8.2
2.398 -7.5
2.399 -6.8
2.4 -6.0
2.401 -5.3
2.402 -4.6
2.403 -3.9
2.404 -3.1
2.405 -2.4
2.406 -1.7
2.407 -1.0
2.408 -0.3
2.409 0.5
2.41 1.1
2.411 1.8
2.412 2.4
2.413 3.0
2.414 3.6
2.415 4.1
2.416 4.5
2.417 5.0
2.418 5.3
2.419 5.6
2.42 5.9
2.421 6.2
2.422 6.4
2.423 6.5
2.424 6.7
2.425 6.8
2.426 7.1
2.427 7.3
2.428 7.4
2.429 7.6
2.43 7.6
2.431 7.6
2.432 7.7
2.433 7.8
2.434 7.9
2.435 8.0
2.436 8.0
2.437 8.1
2.438 8.2
2.439 8.3
2.44 8.4
2.441 8.5
2.442 8.6
2.443 8.7
2.444 8.8
2.445 8.9
2.446 9.1
2.447 9.3
2.448 9.4
2.449 9.5
2.45 9.6
2.451 9.7
2.452 9.9
2.453 10.0
2.454 10.1
2.455 10.2
2.456 10.2
2.457 10.3
2.458 10.4
2.459 10.5
2.46 10.6
2.461 10.6
2.462 10.7
2.463 10.7
2.464 10.8
2.465 10.8
2.466 10.9
2.467 10.9
2.468 11.0
2.469 11.0
2.47 11.1
2.471 11.1
2.472 11.2
2.473 11.2
2.474 11.3
2.475 11.3
2.476 11.3
2.477 11.4
2.478 11.4
2.479 11.5
2.48 11.5
2.481 11.6
2.482 11.6
2.483 11.7
2.484 11.7
2.485 11.9
2.486 11.9
2.487 12.0
2.488 12.0
2.489 12.1
2.49 12.2
2.491 12.2
2.492 12.3
2.493 12.3
2.494 12.3
2.495 12.3
2.496 12.3
2.497 12.3
2.498 12.2
2.499 12.2
2.5 12.2
2.501 12.1
2.502 12.0
2.503 11.9
2.504 11.8
2.505 11.7
2.506 11.5
2.507 11.4
2.508 11.2
2.509 11.1
2.51 10.9
2.511 10.7
2.512 10.5
2.513 10.3
2.514 10.0
2.515 9.8
2.516 9.5
2.517 9.3
2.518 9.0
2.519 8.7
2.52 8.5
2.521 8.2
2.522 7.9
2.523 7.6
2.524 7.3
2.525 7.0
2.526 6.7
2.527 6.4
2.528 6.1
2.529 5.8
2.53 5.5
2.531 5.2
2.532 4.8
2.533 4.5
2.534 4.2
2.535 3.8
2.536 3.4
2.537 3.1
2.538 2.7
2.539 2.3
2.54 1.9
2.541 1.5
2.542 1.1
2.543 0.7
2.544 0.2
2.545 -0.2
2.546 -0.7
2.547 -1.2
2.548 -1.6
2.549 -2.1
2.55 -2.6
2.551 -3.2
2.552 -3.7
2.553 -4.3
2.554 -4.8
2.555 -5.4
2.556 -6.0
2.557 -6.6
2.558 -7.1
2.559 -7.8
2.56 -8.3
2.561 -8.9
2.562 -9.5
2.563 -10.1
2.564 -10.7
2.565 -11.3
2.566 -11.9
2.567 -12.5
2.568 -13.1
2.569 -13.7
2.57 -14.3
2.571 -14.9
2.572 -15.4
2.573 -16.0
2.574 -16.6
2.575 -17.1
2.576 -17.6
2.577 -18.2
2.578 -18.7
2.579 -19.2
2.58 -19.7
2.581 -20.2
2.582 -20.6
2.583 -21.1
2.584 -21.5
2.585 -22.0
2.586 -22.5
2.587 -22.9
2.588 -23.2
2.589 -23.5
2.59 -23.8
2.591 -24.0
2.592 -24.3
2.593 -24.5
2.594 -24.7
2.595 -24.9
2.596 -25.0
2.597 -25.1
2.598 -25.2
2.599 -25.3
2.6 -25.3
2.601 -25.3
2.602 -25.2
2.603 -25.2
2.604 -25.1
2.605 -24.9
2.606 -24.7
2.607 -24.5
2.608 -24.3
2.609 -24.1
2.61 -23.8
2.611 -23.6
2.612 -23.3
2.613 -23.0
2.614 -22.6
2.615 -22.3
2.616 -21.9
2.617 -21.5
2.618 -21.1
2.619 -20.7
2.62 -20.2
2.621 -19.8
2.622 -19.3
2.623 -18.8
2.624 -18.4
2.625 -17.9
2.626 -17.3
2.627 -16.9
2.628 -16.3
2.629 -15.8
2.63 -15.3
2.631 -14.8
2.632 -14.2
2.633 -13.7
2.634 -13.1
2.635 -12.5
2.636 -11.9
2.637 -11.3
2.638 -10.6
2.639 -10.0
2.64 -9.4
2.641 -8.8
2.642 -8.1
2.643 -7.4
2.644 -6.8
2.645 -6.1
2.646 -5.4
2.647 -4.7
2.648 -4.1
2.649 -3.4
2.65 -2.8
2.651 -2.1
2.652 -1.5
2.653 -0.8
2.654 -0.2
2.655 0.4
2.656 0.9
2.657 1.5
2.658 2.0
2.659 2.4
2.66 2.9
2.661 3.3
2.662 3.7
2.663 4.0
2.664 4.3
2.665 4.5
2.666 4.7
2.667 4.8
2.668 4.9
2.669 5.0
2.67 4.9
2.671 4.9
2.672 4.7
2.673 4.6
2.674 4.3
2.675 4.1
2.676 3.8
2.677 3.5
2.678 3.1
2.679 2.7
2.68 2.2
2.681 1.7
2.682 1.2
2.683 0.7
2.684 0.2
2.685 -0.4
2.686 -1.0
2.687 -1.6
2.688 -2.2
2.689 -2.8
2.69 -3.4
2.691 -4.1
2.692 -4.7
2.693 -5.3
2.694 -6.0
2.695 -6.6
2.696 -7.2
2.697 -7.8
2.698 -8.4
2.699 -9.0
2.7 -9.6
2.701 -10.2
2.702 -10.8
2.703 -11.3
2.704 -11.9
2.705 -12.5
2.706 -13.1
2.707 -13.7
2.708 -14.2
2.709 -14.8
2.71 -15.3
2.711 -15.9
2.712 -16.4
2.713 -17.0
2.714 -17.5
2.715 -18.0
2.716 -18.5
2.717 -19.0
2.718 -19.5
2.719 -20.0
2.72 -20.4
2.721 -20.9
2.722 -21.4
2.723 -21.8
2.724 -22.2
2.725 -22.6
2.726 -23.0
2.727 -23.4
2.728 -23.8
2.729 -24.1
2.73 -24.4
2.731 -24.7
2.732 -24.9
2.733 -25.2
2.734 -25.4
2.735 -25.6
2.736 -25.7
2.737 -25.9
2.738 -26.0
2.739 -26.0
2.74 -26.1
2.741 -26.1
2.742 -26.1
2.743 -26.0
2.744 -25.9
2.745 -25.9
2.746 -25.7
2.747 -25.6
2.748 -25.4
2.749 -25.2
2.75 -25.0
2.751 -24.7
2.752 -24.5
2.753 -24.2
2.754 -23.9
2.755 -23.6
2.756 -23.2
2.757 -22.8
2.758 -22.4
2.759 -22.0
2.76 -21.6
2.761 -21.2
2.762 -20.7
2.763 -20.2
2.764 -19.7
2.765 -19.2
2.766 -18.7
2.767 -18.2
2.768 -17.7
2.769 -17.1
2.77 -16.6
2.771 -16.1
2.772 -15.5
2.773 -14.9
2.774 -14.3
2.775 -13.7
2.776 -13.1
2.777 -12.5
2.778 -11.9
2.779 -11.2
2.78 -10.6
2.781 -9.9
2.782 -9.2
2.783 -8.5
2.784 -7.8
2.785 -7.1
2.786 -6.4
2.787 -5.7
2.788 -4.9
2.789 -4.2
2.79 -3.4
2.791 -2.7
2.792 -2.0
2.793 -1.2
2.794 -0.5
2.795 0.2
2.796 0.8
2.797 1.5
2.798 2.1
2.799 2.7
2.8 3.3
2.801 3.8
2.802 4.3
2.803 4.7
2.804 5.0
2.805 5.4
2.806 5.7
2.807 5.9
2.808 6.1
2.809 6.3
2.81 6.4
2.811 6.4
2.812 6.6
2.813 6.7
2.814 6.9
2.815 7.1
2.816 7.1
2.817 7.1
2.818 7.2
2.819 7.2
2.82 7.4
2.821 7.4
2.822 7.5
2.823 7.5
2.824 7.6
2.825 7.7
2.826 7.8
2.827 7.9
2.828 8.0
2.829 8.1
2.83 8.1
2.831 8.3
2.832 8.4
2.833 8.5
2.834 8.7
2.835 8.8
2.836 8.9
2.837 9.0
2.838 9.1
2.839 9.2
2.84 9.3
2.841 9.4
2.842 9.5
2.843 9.6
2.844 9.7
2.845 9.8
2.846 9.9
2.847 9.9
2.848 10.0
2.849 10.1
2.85 10.1
2.851 10.1
2.852 10.2
2.853 10.2
2.854 10.3
2.855 10.4
2.856 10.4
2.857 10.4
2.858 10.5
2.859 10.5
2.86 10.6
2.861 10.6
2.862 10.7
2.863 10.8
2.864 10.8
2.865 10.9
2.866 10.9
2.867 11.0
2.868 11.1
2.869 11.2
2.87 11.2
2.871 11.3
2.872 11.3
2.873 11.5
2.874 11.5
2.875 11.6
2.876 11.7
2.877 11.7
2.878 11.8
2.879 11.9
2.88 11.9
2.881 11.9
2.882 11.9
2.883 12.0
2.884 12.0
2.885 12.0
2.886 12.0
2.887 12.0
2.888 11.9
2.889 11.9
2.89 11.8
2.891 11.7
2.892 11.6
2.893 11.5
2.894 11.4
2.895 11.3
2.896 11.2
2.897 11.0
2.898 10.8
2.899 10.6
2.9 10.4
2.901 10.2
2.902 10.0
2.903 9.8
2.904 9.6
2.905 9.4
2.906 9.2
2.907 8.9
2.908 8.7
2.909 8.4
2.91 8.2
2.911 7.9
2.912 7.6
2.913 7.4
2.914 7.1
2.915 6.9
2.916 6.6
2.917 6.3
2.918 6.0
2.919 5.7
2.92 5.4
2.921 5.2
2.922 4.8
2.923 4.5
2.924 4.2
2.925 3.8
2.926 3.5
2.927 3.1
2.928 2.8
2.929 2.4
2.93 2.1
2.931 1.7
2.932 1.3
2.933 0.9
2.934 0.5
2.935 0.1
2.936 -0.3
2.937 -0.7
2.938 -1.2
2.939 -1.6
2.94 -2.0
2.941 -2.5
2.942 -3.0
2.943 -3.5
2.944 -4.0
2.945 -4.5
2.946 -5.0
2.947 -5.6
2.948 -6.1
2.949 -6.7
2.95 -7.2
2.951 -7.8
2.952 -8.3
2.953 -8.9
2.954 -9.4
2.955 -10.0
2.956 -10.6
2.957 -11.2
2.958 -11.7
2.959 -12.3
2.96 -12.9
2.961 -13.4
2.962 -14.0
2.963 -14.5
2.964 -15.1
2.965 -15.6
2.966 -16.1
2.967 -16.6
2.968 -17.1
2.969 -17.7
2.97 -18.2
2.971 -18.7
2.972 -19.1
2.973 -19.6
2.974 -20.1
2.975 -20.5
2.976 -21.0
2.977 -21.4
2.978 -21.8
2.979 -22.2
2.98 -22.6
2.981 -22.9
2.982 -23.2
2.983 -23.4
2.984 -23.6
2.985 -23.8
2.986 -24.0
2.987 -24.1
2.988 -24.2
2.989 -24.3
2.99 -24.4
2.991 -24.5
2.992 -24.5
2.993 -24.5
2.994 -24.5
2.995 -24.4
2.996 -24.3
2.997 -24.2
2.998 -24.1
2.999 -23.9
3.0 -23.7
