Perfil
t θ
0.0 3.4
0.001 3.1
0.002 2.8
0.003 2.4
0.004 2.0
0.005 1.5
0.006 1.0
0.007 0.5
0.008 -0.1
0.009 -0.7
0.01 -1.4
0.011 -2.0
0.012 -2.7
0.013 -3.3
0.014 -4.0
0.015 -4.7
0.016 -5.3
0.017 -6.0
0.018 -6.7
0.019 -7.4
0.02 -8.0
0.021 -8.7
0.022 -9.3
0.023 -9.9
0.024 -10.6
0.025 -11.2
0.026 -11.8
0.027 -12.4
0.028 -13.1
0.029 -13.7
0.03 -14.2
0.031 -14.8
0.032 -15.4
0.033 -15.9
0.034 -16.5
0.035 -17.0
0.036 -17.5
0.037 -18.1
0.038 -18.6
0.039 -19.1
0.04 -19.5
0.041 -20.0
0.042 -20.5
0.043 -20.9
0.044 -21.3
0.045 -21.7
0.046 -22.1
0.047 -22.4
0.048 -22.7
0.049 -23.0
0.05 -23.2
0.051 -23.4
0.052 -23.6
0.053 -23.7
0.054 -23.8
0.055 -23.9
0.056 -24.0
0.057 -24.1
0.058 -24.1
0.059 -24.1
0.06 -24.1
0.061 -24.0
0.062 -23.9
0.063 -23.9
0.064 -23.8
0.065 -23.6
0.066 -23.4
0.067 -23.2
0.068 -23.0
0.069 -22.8
0.07 -22.5
0.071 -22.2
0.072 -22.0
0.073 -21.6
0.074 -21.3
0.075 -20.9
0.076 -20.6
0.077 -20.2
0.078 -19.9
0.079 -19.5
0.08 -19.1
0.081 -18.7
0.082 -18.3
0.083 -17.8
0.084 -17.4
0.085 -16.9
0.086 -16.4
0.087 -15.9
0.088 -15.4
0.089 -14.9
0.09 -14.4
0.091 -13.9
0.092 -13.4
0.093 -12.8
0.094 -12.3
0.095 -11.7
0.096 -11.1
0.097 -10.5
0.098 -10.0
0.099 -9.3
0.1 -8.8
0.101 -8.1
0.102 -7.5
0.103 -6.9
0.104 -6.2
0.105 -5.6
0.106 -5.0
0.107 -4.3
0.108 -3.7
0.109 -3.1
0.11 -2.4
0.111 -1.9
0.112 -1.2
0.113 -0.7
0.114 -0.1
0.115 0.4
0.116 0.9
0.117 1.4
0.118 1.8
0.119 2.2
0.12 2.6
0.121 2.9
0.122 3.1
0.123 3.3
0.124 3.5
0.125 3.6
0.126 3.6
0.127 3.6
0.128 3.6
0.129 3.4
0.13 3.3
0.131 3.0
0.132 2.8
0.133 2.4
0.134 2.1
0.135 1.7
0.136 1.2
0.137 0.7
0.138 0.2
0.139 -0.3
0.14 -0.9
0.141 -1.5
0.142 -2.1
0.143 -2.7
0.144 -3.3
0.145 -4.0
0.146 -4.6
0.147 -5.2
0.148 -5.9
0.149 -6.5
0.15 -7.1
0.151 -7.7
0.152 -8.4
0.153 -9.0
0.154 -9.6
0.155 -10.2
0.156 -10.8
0.157 -11.4
0.158 -12.0
0.159 -12.5
0.16 -13.1
0.161 -13.7
0.162 -14.2
0.163 -14.8
0.164 -15.3
0.165 -15.9
0.166 -16.4
0.167 -16.9
0.168 -17.4
0.169 -17.9
0.17 -18.4
0.171 -18.8
0.172 -19.3
0.173 -19.7
0.174 -20.1
0.175 -20.6
0.176 -21.0
0.177 -21.3
0.178 -21.7
0.179 -22.0
0.18 -22.3
0.181 -22.6
0.182 -22.8
0.183 -23.0
0.184 -23.2
0.185 -23.3
0.186 -23.5
0.187 -23.6
0.188 -23.7
0.189 -23.7
0.19 -23.8
0.191 -23.8
0.192 -23.7
0.193 -23.7
0.194 -23.7
0.195 -23.6
0.196 -23.5
0.197 -23.3
0.198 -23.2
0.199 -23.0
0.2 -22.8
0.201 -22.6
0.202 -22.3
0.203 -22.1
0.204 -21.8
0.205 -21.4
0.206 -21.1
0.207 -20.8
0.208 -20.4
0.209 -20.0
0.21 -19.7
0.211 -19.3
0.212 -18.8
0.213 -18.4
0.214 -17.9
0.215 -17.5
0.216 -17.0
0.217 -16.5
0.218 -16.0
0.219 -15.5
0.22 -15.0
0.221 -14.4
0.222 -13.9
0.223 -13.3
0.224 -12.7
0.225 -12.2
0.226 -11.6
0.227 -11.0
0.228 -10.3
0.229 -9.7
0.23 -9.1
0.231 -8.4
0.232 -7.8
0.233 -7.1
0.234 -6.4
0.235 -5.7
0.236 -5.1
0.237 -4.4
0.238 -3.7
0.239 -3.1
0.24 -2.4
0.241 -1.7
0.242 -1.1
0.243 -0.5
0.244 0.1
0.245 0.7
0.246 1.2
0.247 1.7
0.248 2.2
0.249 2.7
0.25 3.0
0.251 3.4
0.252 3.7
0.253 3.9
0.254 4.1
0.255 4.2
0.256 4.3
0.257 4.3
0.258 4.2
0.259 4.1
0.26 3.9
0.261 3.6
0.262 3.4
0.263 3.1
0.264 2.7
0.265 2.3
0.266 1.8
0.267 1.3
0.268 0.8
0.269 0.2
0.27 -0.3
0.271 -1.0
0.272 -1.6
0.273 -2.2
0.274 -2.9
0.275 -3.5
0.276 -4.2
0.277 -4.8
0.278 -5.5
0.279 -6.2
0.28 -6.8
0.281 -7.4
0.282 -8.1
0.283 -8.7
0.284 -9.4
0.285 -10.0
0.286 -10.6
0.287 -11.2
0.288 -11.8
0.289 -12.4
0.29 -13.0
0.291 -13.6
0.292 -14.2
0.293 -14.7
0.294 -15.3
0.295 -15.9
0.296 -16.4
0.297 -16.9
0.298 -17.4
0.299 -17.9
0.3 -18.4
0.301 -18.9
0.302 -19.3
0.303 -19.8
0.304 -20.2
0.305 -20.6
0.306 -21.1
0.307 -21.5
0.308 -21.8
0.309 -22.2
0.31 -22.5
0.311 -22.7
0.312 -23.0
0.313 -23.2
0.314 -23.4
0.315 -23.6
0.316 -23.7
0.317 -23.8
0.318 -23.9
0.319 -24.0
0.32 -24.0
0.321 -24.1
0.322 -24.1
0.323 -24.1
0.324 -24.0
0.325 -24.0
0.326 -23.9
0.327 -23.8
0.328 -23.6
0.329 -23.5
0.33 -23.3
0.331 -23.1
0.332 -22.8
0.333 -22.5
0.334 -22.3
0.335 -21.9
0.336 -21.6
0.337 -21.3
0.338 -20.9
0.339 -20.6
0.34 -20.2
0.341 -19.8
0.342 -19.3
0.343 -18.9
0.344 -18.4
0.345 -17.9
0.346 -17.5
0.347 -17.0
0.348 -16.4
0.349 -15.9
0.35 -15.4
0.351 -14.8
0.352 -14.2
0.353 -13.7
0.354 -13.1
0.355 -12.5
0.356 -11.9
0.357 -11.3
0.358 -10.7
0.359 -10.0
0.36 -9.4
0.361 -8.7
0.362 -8.0
0.363 -7.4
0.364 -6.7
0.365 -6.0
0.366 -5.2
0.367 -4.5
0.368 -3.8
0.369 -3.1
0.37 -2.4
0.371 -1.7
0.372 -1.0
0.373 -0.3
0.374 0.3
0.375 0.9
0.376 1.5
0.377 2.1
0.378 2.6
0.379 3.1
0.38 3.5
0.381 3.9
0.382 4.2
0.383 4.5
0.384 4.7
0.385 4.8
0.386 4.9
0.387 4.9
0.388 4.9
0.389 4.8
0.39 4.6
0.391 4.4
0.392 4.1
0.393 3.8
0.394 3.4
0.395 2.9
0.396 2.5
0.397 1.9
0.398 1.4
0.399 0.8
0.4 0.2
0.401 -0.4
0.402 -1.1
0.403 -1.7
0.404 -2.4
0.405 -3.1
0.406 -3.8
0.407 -4.5
0.408 -5.1
0.409 -5.8
0.41 -6.5
0.411 -7.2
0.412 -7.9
0.413 -8.5
0.414 -9.1
0.415 -9.8
0.416 -10.4
0.417 -11.0
0.418 -11.7
0.419 -12.3
0.42 -13.0
0.421 -13.5
0.422 -14.1
0.423 -14.7
0.424 -15.3
0.425 -15.9
0.426 -16.4
0.427 -16.9
0.428 -17.5
0.429 -18.0
0.43 -18.5
0.431 -19.0
0.432 -19.4
0.433 -19.9
0.434 -20.4
0.435 -20.8
0.436 -21.2
0.437 -21.7
0.438 -22.0
0.439 -22.4
0.44 -22.7
0.441 -23.0
0.442 -23.2
0.443 -23.5
0.444 -23.7
0.445 -23.8
0.446 -24.0
0.447 -24.1
0.448 -24.2
0.449 -24.3
0.45 -24.3
0.451 -24.4
0.452 -24.4
0.453 -24.4
0.454 -24.4
0.455 -24.4
0.456 -24.3
0.457 -24.2
0.458 -24.1
0.459 -23.9
0.46 -23.7
0.461 -23.5
0.462 -23.3
0.463 -23.0
0.464 -22.7
0.465 -22.4
0.466 -22.1
0.467 -21.8
0.468 -21.5
0.469 -21.1
0.47 -20.7
0.471 -20.3
0.472 -19.9
0.473 -19.5
0.474 -19.0
0.475 -18.6
0.476 -18.1
0.477 -17.7
0.478 -17.2
0.479 -16.7
0.48 -16.1
0.481 -15.6
0.482 -15.1
0.483 -14.5
0.484 -14.0
0.485 -13.4
0.486 -12.8
0.487 -12.2
0.488 -11.6
0.489 -10.9
0.49 -10.3
0.491 -9.6
0.492 -9.0
0.493 -8.3
0.494 -7.6
0.495 -6.9
0.496 -6.1
0.497 -5.4
0.498 -4.6
0.499 -3.9
0.5 -3.2
0.501 -2.4
0.502 -1.7
0.503 -1.0
0.504 -0.3
0.505 0.3
0.506 1.0
0.507 1.6
0.508 2.2
0.509 2.8
0.51 3.3
0.511 3.7
0.512 4.1
0.513 4.5
0.514 4.7
0.515 5.0
0.516 5.1
0.517 5.2
0.518 5.2
0.519 5.1
0.52 5.0
0.521 4.8
0.522 4.5
0.523 4.2
0.524 3.8
0.525 3.4
0.526 2.9
0.527 2.4
0.528 1.8
0.529 1.2
0.53 0.6
0.531 -0.0
0.532 -0.7
0.533 -1.4
0.534 -2.1
0.535 -2.8
0.536 -3.5
0.537 -4.2
0.538 -4.9
0.539 -5.6
0.54 -6.3
0.541 -7.0
0.542 -7.7
0.543 -8.4
0.544 -9.1
0.545 -9.7
0.546 -10.4
0.547 -11.1
0.548 -11.7
0.549 -12.4
0.55 -13.0
0.551 -13.6
0.552 -14.2
0.553 -14.8
0.554 -15.4
0.555 -16.0
0.556 -16.6
0.557 -17.1
0.558 -17.7
0.559 -18.2
0.56 -18.7
0.561 -19.2
0.562 -19.7
0.563 -20.2
0.564 -20.6
0.565 -21.1
0.566 -21.5
0.567 -21.9
0.568 -22.3
0.569 -22.6
0.57 -23.0
0.571 -23.2
0.572 -23.5
0.573 -23.7
0.574 -23.9
0.575 -24.0
0.576 -24.1
0.577 -24.2
0.578 -24.3
0.579 -24.4
0.58 -24.4
0.581 -24.4
0.582 -24.4
0.583 -24.4
0.584 -24.3
0.585 -24.3
0.586 -24.2
0.587 -24.0
0.588 -23.9
0.589 -23.7
0.59 -23.5
0.591 -23.3
0.592 -23.0
0.593 -22.7
0.594 -22.5
0.595 -22.2
0.596 -21.8
0.597 -21.5
0.598 -21.1
0.599 -20.8
0.6 -20.4
0.601 -20.0
0.602 -19.6
0.603 -19.1
0.604 -18.7
0.605 -18.3
0.606 -17.8
0.607 -17.3
0.608 -16.8
0.609 -16.3
0.61 -15.7
0.611 -15.2
0.612 -14.6
0.613 -14.1
0.614 -13.5
0.615 -13.0
0.616 -12.4
0.617 -11.7
0.618 -11.1
0.619 -10.5
0.62 -9.9
0.621 -9.2
0.622 -8.5
0.623 -7.9
0.624 -7.2
0.625 -6.5
0.626 -5.8
0.627 -5.1
0.628 -4.4
0.629 -3.6
0.63 -2.9
0.631 -2.2
0.632 -1.5
0.633 -0.8
0.634 -0.2
0.635 0.5
0.636 1.1
0.637 1.7
0.638 2.3
0.639 2.8
0.64 3.3
0.641 3.8
0.642 4.1
0.643 4.5
0.644 4.7
0.645 5.0
0.646 5.1
0.647 5.2
0.648 5.2
0.649 5.2
0.65 5.1
0.651 4.9
0.652 4.7
0.653 4.4
0.654 4.0
0.655 3.6
0.656 3.2
0.657 2.7
0.658 2.2
0.659 1.6
0.66 1.0
0.661 0.4
0.662 -0.3
0.663 -1.0
0.664 -1.7
0.665 -2.4
0.666 -3.1
0.667 -3.8
0.668 -4.5
0.669 -5.2
0.67 -5.9
0.671 -6.7
0.672 -7.4
0.673 -8.0
0.674 -8.7
0.675 -9.4
0.676 -10.0
0.677 -10.7
0.678 -11.4
0.679 -12.0
0.68 -12.7
0.681 -13.3
0.682 -13.9
0.683 -14.5
0.684 -15.1
0.685 -15.7
0.686 -16.3
0.687 -16.9
0.688 -17.4
0.689 -17.9
0.69 -18.5
0.691 -19.0
0.692 -19.5
0.693 -19.9
0.694 -20.4
0.695 -20.9
0.696 -21.3
0.697 -21.7
0.698 -22.1
0.699 -22.5
0.7 -22.8
0.701 -23.1
0.702 -23.4
0.703 -23.7
0.704 -23.8
0.705 -24.0
0.706 -24.1
0.707 -24.3
0.708 -24.3
0.709 -24.5
0.71 -24.5
0.711 -24.5
0.712 -24.5
0.713 -24.5
0.714 -24.5
0.715 -24.4
0.716 -24.3
0.717 -24.2
0.718 -24.1
0.719 -23.9
0.72 -23.7
0.721 -23.5
0.722 -23.3
0.723 -23.0
0.724 -22.7
0.725 -22.4
0.726 -22.1
0.727 -21.8
0.728 -21.4
0.729 -21.0
0.73 -20.7
0.731 -20.3
0.732 -19.9
0.733 -19.4
0.734 -19.0
0.735 -18.5
0.736 -18.0
0.737 -17.6
0.738 -17.0
0.739 -16.5
0.74 -16.0
0.741 -15.5
0.742 -14.9
0.743 -14.3
0.744 -13.7
0.745 -13.2
0.746 -12.6
0.747 -11.9
0.748 -11.3
0.749 -10.7
0.75 -10.0
0.751 -9.3
0.752 -8.7
0.753 -8.0
0.754 -7.2
0.755 -6.5
0.756 -5.8
0.757 -5.0
0.758 -4.3
0.759 -3.6
0.76 -2.8
0.761 -2.1
0.762 -1.4
0.763 -0.7
0.764 -0.0
0.765 0.7
0.766 1.3
0.767 1.9
0.768 2.5
0.769 3.1
0.77 3.6
0.771 4.0
0.772 4.4
0.773 4.8
0.774 5.1
0.775 5.3
0.776 5.5
0.777 5.5
0.778 5.6
0.779 5.7
0.78 5.6
0.781 5.6
0.782 5.5
0.783 5.4
0.784 5.3
0.785 5.3
0.786 5.2
0.787 5.1
0.788 4.8
0.789 4.7
0.79 4.6
0.791 4.4
0.792 4.3
0.793 4.1
0.794 4.0
0.795 3.8
0.796 3.7
0.797 3.6
0.798 3.4
0.799 3.3
0.8 3.3
0.801 3.2
0.802 3.1
0.803 3.0
0.804 2.9
0.805 2.8
0.806 2.7
0.807 2.6
0.808 2.6
0.809 2.5
0.81 2.4
0.811 2.3
0.812 2.2
0.813 2.0
0.814 1.9
0.815 1.7
0.816 1.6
0.817 1.5
0.818 1.4
0.819 1.2
0.82 1.1
0.821 0.9
0.822 0.8
0.823 0.6
0.824 0.5
0.825 0.4
0.826 0.3
0.827 0.2
0.828 0.0
0.829 -0.0
0.83 -0.1
0.831 -0.2
0.832 -0.2
0.833 -0.3
0.834 -0.3
0.835 -0.3
0.836 -0.3
0.837 -0.3
0.838 -0.2
0.839 -0.2
0.84 -0.1
0.841 -0.0
0.842 0.0
0.843 0.2
0.844 0.2
0.845 0.3
0.846 0.4
0.847 0.5
0.848 0.7
0.849 0.7
0.85 0.9
0.851 1.0
0.852 1.0
0.853 1.2
0.854 1.2
0.855 1.3
0.856 1.4
0.857 1.4
0.858 1.5
0.859 1.5
0.86 1.6
0.861 1.6
0.862 1.6
0.863 1.6
0.864 1.7
0.865 1.7
0.866 1.7
0.867 1.7
0.868 1.7
0.869 1.7
0.87 1.6
0.871 1.6
0.872 1.5
0.873 1.5
0.874 1.4
0.875 1.4
0.876 1.3
0.877 1.2
0.878 1.1
0.879 1.0
0.88 1.0
0.881 0.9
0.882 0.8
0.883 0.7
0.884 0.6
0.885 0.5
0.886 0.3
0.887 0.2
0.888 0.1
0.889 -0.0
0.89 -0.2
0.891 -0.3
0.892 -0.4
0.893 -0.6
0.894 -0.7
0.895 -0.9
0.896 -1.0
0.897 -1.2
0.898 -1.4
0.899 -1.5
0.9 -1.6
0.901 -1.8
0.902 -1.9
0.903 -2.0
0.904 -2.1
0.905 -2.2
0.906 -2.3
0.907 -2.4
0.908 -2.4
0.909 -2.5
0.91 -2.5
0.911 -2.5
0.912 -2.5
0.913 -2.5
0.914 -2.5
0.915 -2.5
0.916 -2.4
0.917 -2.4
0.918 -2.3
0.919 -2.2
0.92 -2.1
0.921 -2.1
0.922 -2.0
0.923 -1.9
0.924 -1.8
0.925 -1.7
0.926 -1.6
0.927 -1.5
0.928 -1.4
0.929 -1.4
0.93 -1.3
0.931 -1.3
0.932 -1.2
0.933 -1.2
0.934 -1.2
0.935 -1.2
0.936 -1.2
0.937 -1.2
0.938 -1.2
0.939 -1.2
0.94 -1.2
0.941 -1.3
0.942 -1.3
0.943 -1.4
0.944 -1.4
0.945 -1.5
0.946 -1.6
0.947 -1.7
0.948 -1.8
0.949 -1.9
0.95 -2.0
0.951 -2.1
0.952 -2.2
0.953 -2.4
0.954 -2.5
0.955 -2.7
0.956 -2.8
0.957 -3.0
0.958 -3.2
0.959 -3.3
0.96 -3.5
0.961 -3.6
0.962 -3.8
0.963 -3.9
0.964 -4.0
0.965 -4.1
0.966 -4.3
0.967 -4.3
0.968 -4.4
0.969 -4.5
0.97 -4.5
0.971 -4.6
0.972 -4.6
0.973 -4.6
0.974 -4.6
0.975 -4.6
0.976 -4.6
0.977 -4.6
0.978 -4.6
0.979 -4.6
0.98 -4.5
0.981 -4.5
0.982 -4.5
0.983 -4.5
0.984 -4.5
0.985 -4.5
0.986 -4.5
0.987 -4.6
0.988 -4.6
0.989 -4.6
0.99 -4.7
0.991 -4.7
0.992 -4.7
0.993 -4.8
0.994 -4.9
0.995 -5.0
0.996 -5.0
0.997 -5.1
0.998 -5.2
0.999 -5.3
1.0 -5.4
1.001 -5.4
1.002 -5.5
1.003 -5.7
1.004 -5.8
1.005 -5.9
1.006 -6.0
1.007 -6.1
1.008 -6.2
1.009 -6.4
1.01 -6.5
1.011 -6.7
1.012 -6.8
1.013 -7.0
1.014 -7.1
1.015 -7.3
1.016 -7.5
1.017 -7.7
1.018 -7.9
1.019 -8.0
1.02 -8.2
1.021 -8.4
1.022 -8.6
1.023 -8.8
1.024 -8.9
1.025 -9.1
1.026 -9.3
1.027 -9.5
1.028 -9.7
1.029 -9.9
1.03 -10.1
1.031 -10.3
1.032 -10.5
1.033 -10.7
1.034 -10.8
1.035 -11.0
1.036 -11.2
1.037 -11.4
1.038 -11.5
1.039 -11.7
1.04 -11.9
1.041 -12.0
1.042 -12.2
1.043 -12.4
1.044 -12.5
1.045 -12.6
1.046 -12.8
1.047 -12.9
1.048 -13.0
1.049 -13.1
1.05 -13.3
1.051 -13.4
1.052 -13.5
1.053 -13.6
1.054 -13.7
1.055 -13.8
1.056 -13.9
1.057 -14.0
1.058 -14.1
1.059 -14.2
1.06 -14.2
1.061 -14.3
1.062 -14.3
1.063 -14.4
1.064 -14.4
1.065 -14.4
1.066 -14.5
1.067 -14.5
1.068 -14.4
1.069 -14.4
1.07 -14.4
1.071 -14.4
1.072 -14.4
1.073 -14.4
1.074 -14.3
1.075 -14.3
1.076 -14.2
1.077 -14.2
1.078 -14.2
1.079 -14.1
1.08 -14.0
1.081 -13.9
1.082 -13.9
1.083 -13.8
1.084 -13.7
1.085 -13.6
1.086 -13.5
1.087 -13.4
1.088 -13.3
1.089 -13.1
1.09 -13.0
1.091 -12.8
1.092 -12.7
1.093 -12.6
1.094 -12.4
1.095 -12.3
1.096 -12.1
1.097 -11.9
1.098 -11.7
1.099 -11.5
1.1 -11.4
1.101 -11.2
1.102 -11.0
1.103 -10.7
1.104 -10.5
1.105 -10.3
1.106 -10.1
1.107 -9.9
1.108 -9.7
1.109 -9.5
1.11 -9.3
1.111 -9.1
1.112 -8.9
1.113 -8.7
1.114 -8.5
1.115 -8.3
1.116 -8.1
1.117 -7.9
1.118 -7.7
1.119 -7.5
1.12 -7.4
1.121 -7.1
1.122 -7.0
1.123 -6.8
1.124 -6.6
1.125 -6.4
1.126 -6.2
1.127 -6.0
1.128 -5.8
1.129 -5.7
1.13 -5.5
1.131 -5.4
1.132 -5.2
1.133 -5.1
1.134 -4.9
1.135 -4.8
1.136 -4.7
1.137 -4.6
1.138 -4.5
1.139 -4.4
1.14 -4.3
1.141 -4.2
1.142 -4.1
1.143 -4.1
1.144 -4.0
1.145 -4.0
1.146 -4.0
1.147 -4.0
1.148 -4.0
1.149 -4.0
1.15 -4.0
1.151 -4.0
1.152 -4.0
1.153 -4.1
1.154 -4.1
1.155 -4.3
1.156 -4.3
1.157 -4.4
1.158 -4.5
1.159 -4.6
1.16 -4.7
1.161 -4.8
1.162 -5.0
1.163 -5.1
1.164 -5.2
1.165 -5.3
1.166 -5.5
1.167 -5.6
1.168 -5.8
1.169 -5.9
1.17 -6.1
1.171 -6.2
1.172 -6.4
1.173 -6.5
1.174 -6.7
1.175 -6.8
1.176 -7.0
1.177 -7.2
1.178 -7.3
1.179 -7.4
1.18 -7.6
1.181 -7.8
1.182 -7.9
1.183 -8.1
1.184 -8.2
1.185 -8.4
1.186 -8.5
1.187 -8.7
1.188 -8.8
1.189 -9.0
1.19 -9.2
1.191 -9.3
1.192 -9.5
1.193 -9.7
1.194 -9.8
1.195 -10.0
1.196 -10.2
1.197 -10.3
1.198 -10.5
1.199 -10.7
1.2 -10.8
1.201 -11.0
1.202 -11.1
1.203 -11.3
1.204 -11.5
1.205 -11.6
1.206 -11.8
1.207 -12.0
1.208 -12.1
1.209 -12.3
1.21 -12.4
1.211 -12.6
1.212 -12.7
1.213 -12.9
1.214 -13.0
1.215 -13.2
1.216 -13.3
1.217 -13.4
1.218 -13.5
1.219 -13.6
1.22 -13.8
1.221 -13.9
1.222 -14.0
1.223 -14.1
1.224 -14.1
1.225 -14.2
1.226 -14.3
1.227 -14.4
1.228 -14.5
1.229 -14.5
1.23 -14.6
1.231 -14.6
1.232 -14.7
1.233 -14.7
1.234 -14.8
1.235 -14.8
1.236 -14.8
1.237 -14.8
1.238 -14.8
1.239 -14.8
1.24 -14.8
1.241 -14.8
1.242 -14.8
1.243 -14.8
1.244 -14.8
1.245 -14.7
1.246 -14.7
1.247 -14.6
1.248 -14.6
1.249 -14.6
1.25 -14.5
1.251 -14.4
1.252 -14.4
1.253 -14.3
1.254 -14.2
1.255 -14.1
1.256 -14.0
1.257 -13.9
1.258 -13.8
1.259 -13.7
1.26 -13.6
1.261 -13.4
1.262 -13.2
1.263 -13.1
1.264 -13.0
1.265 -12.8
1.266 -12.6
1.267 -12.5
1.268 -12.3
1.269 -12.1
1.27 -11.9
1.271 -11.7
1.272 -11.5
1.273 -11.3
1.274 -11.1
1.275 -10.9
1.276 -10.7
1.277 -10.4
1.278 -10.2
1.279 -10.0
1.28 -9.7
1.281 -9.5
1.282 -9.3
1.283 -9.0
1.284 -8.8
1.285 -8.6
1.286 -8.3
1.287 -8.1
1.288 -7.8
1.289 -7.6
1.29 -7.3
1.291 -7.1
1.292 -6.9
1.293 -6.6
1.294 -6.4
1.295 -6.2
1.296 -5.9
1.297 -5.7
1.298 -5.5
1.299 -5.2
1.3 -5.0
1.301 -4.8
1.302 -4.6
1.303 -4.5
1.304 -4.3
1.305 -4.1
1.306 -4.0
1.307 -3.8
1.308 -3.8
1.309 -3.6
1.31 -3.6
1.311 -3.5
1.312 -3.4
1.313 -3.4
1.314 -3.4
1.315 -3.4
1.316 -3.4
1.317 -3.5
1.318 -3.5
1.319 -3.5
1.32 -3.6
1.321 -3.7
1.322 -3.8
1.323 -4.0
1.324 -4.1
1.325 -4.2
1.326 -4.4
1.327 -4.5
1.328 -4.7
1.329 -4.9
1.33 -5.1
1.331 -5.2
1.332 -5.5
1.333 -5.7
1.334 -5.9
1.335 -6.1
1.336 -6.2
1.337 -6.5
1.338 -6.7
1.339 -6.9
1.34 -7.1
1.341 -7.3
1.342 -7.5
1.343 -7.7
1.344 -7.9
1.345 -8.1
1.346 -8.3
1.347 -8.5
1.348 -8.6
1.349 -8.8
1.35 -9.0
1.351 -9.2
1.352 -9.3
1.353 -9.5
1.354 -9.7
1.355 -9.8
1.356 -10.0
1.357 -10.2
1.358 -10.3
1.359 -10.4
1.36 -10.6
1.361 -10.7
1.362 -10.9
1.363 -11.0
1.364 -11.2
1.365 -11.3
1.366 -11.4
1.367 -11.6
1.368 -11.7
1.369 -11.8
1.37 -12.0
1.371 -12.1
1.372 -12.2
1.373 -12.3
1.374 -12.4
1.375 -12.5
1.376 -12.6
1.377 -12.7
1.378 -12.8
1.379 -12.9
1.38 -13.0
1.381 -13.1
1.382 -13.1
1.383 -13.2
1.384 -13.3
1.385 -13.4
1.386 -13.4
1.387 -13.5
1.388 -13.6
1.389 -13.6
1.39 -13.7
1.391 -13.7
1.392 -13.8
1.393 -13.8
1.394 -13.8
1.395 -13.9
1.396 -13.9
1.397 -13.9
1.398 -13.9
1.399 -13.9
1.4 -13.9
1.401 -13.9
1.402 -13.9
1.403 -13.9
1.404 -13.9
1.405 -13.9
1.406 -13.9
1.407 -13.9
1.408 -13.8
1.409 -13.8
1.41 -13.7
1.411 -13.7
1.412 -13.6
1.413 -13.5
1.414 -13.5
1.415 -13.4
1.416 -13.3
1.417 -13.2
1.418 -13.1
1.419 -13.0
1.42 -12.9
1.421 -12.8
1.422 -12.7
1.423 -12.6
1.424 -12.5
1.425 -12.3
1.426 -12.2
1.427 -12.1
1.428 -11.9
1.429 -11.8
1.43 -11.6
1.431 -11.5
1.432 -11.3
1.433 -11.1
1.434 -11.0
1.435 -10.8
1.436 -10.6
1.437 -10.4
1.438 -10.2
1.439 -10.0
1.44 -9.9
1.441 -9.7
1.442 -9.5
1.443 -9.3
1.444 -9.1
1.445 -8.9
1.446 -8.6
1.447 -8.4
1.448 -8.2
1.449 -8.0
1.45 -7.8
1.451 -7.6
1.452 -7.3
1.453 -7.1
1.454 -6.9
1.455 -6.6
1.456 -6.4
1.457 -6.2
1.458 -5.9
1.459 -5.7
1.46 -5.5
1.461 -5.3
1.462 -5.0
1.463 -4.8
1.464 -4.7
1.465 -4.5
1.466 -4.3
1.467 -4.1
1.468 -4.0
1.469 -3.8
1.47 -3.8
1.471 -3.6
1.472 -3.6
1.473 -3.5
1.474 -3.4
1.475 -3.4
1.476 -3.4
1.477 -3.4
1.478 -3.5
1.479 -3.5
1.48 -3.5
1.481 -3.6
1.482 -3.7
1.483 -3.8
1.484 -4.0
1.485 -4.1
1.486 -4.2
1.487 -4.4
1.488 -4.6
1.489 -4.8
1.49 -4.9
1.491 -5.2
1.492 -5.4
1.493 -5.6
1.494 -5.8
1.495 -6.0
1.496 -6.2
1.497 -6.5
1.498 -6.7
1.499 -6.9
1.5 -7.2
1.501 -7.4
1.502 -7.6
1.503 -7.9
1.504 -8.1
1.505 -8.3
1.506 -8.5
1.507 -8.8
1.508 -9.0
1.509 -9.2
1.51 -9.5
1.511 -9.7
1.512 -9.9
1.513 -10.1
1.514 -10.3
1.515 -10.5
1.516 -10.8
1.517 -10.9
1.518 -11.1
1.519 -11.3
1.52 -11.5
1.521 -11.8
1.522 -11.9
1.523 -12.1
1.524 -12.3
1.525 -12.5
1.526 -12.7
1.527 -12.9
1.528 -13.0
1.529 -13.2
1.53 -13.3
1.531 -13.4
1.532 -13.6
1.533 -13.7
1.534 -13.9
1.535 -14.0
1.536 -14.1
1.537 -14.3
1.538 -14.4
1.539 -14.5
1.54 -14.6
1.541 -14.7
1.542 -14.8
1.543 -14.9
1.544 -15.0
1.545 -15.0
1.546 -15.1
1.547 -15.2
1.548 -15.2
1.549 -15.3
1.55 -15.4
1.551 -15.4
1.552 -15.4
1.553 -15.5
1.554 -15.5
1.555 -15.5
1.556 -15.6
1.557 -15.6
1.558 -15.6
1.559 -15.6
1.56 -15.6
1.561 -15.5
1.562 -15.5
1.563 -15.5
1.564 -15.5
1.565 -15.5
1.566 -15.4
1.567 -15.4
1.568 -15.3
1.569 -15.2
1.57 -15.2
1.571 -15.1
1.572 -15.0
1.573 -14.9
1.574 -14.8
1.575 -14.7
1.576 -14.6
1.577 -14.5
1.578 -14.3
1.579 -14.2
1.58 -14.1
1.581 -13.9
1.582 -13.8
1.583 -13.6
1.584 -13.4
1.585 -13.3
1.586 -13.1
1.587 -12.9
1.588 -12.7
1.589 -12.5
1.59 -12.3
1.591 -12.1
1.592 -11.9
1.593 -11.6
1.594 -11.4
1.595 -11.2
1.596 -10.9
1.597 -10.7
1.598 -10.4
1.599 -10.2
1.6 -10.0
1.601 -9.7
1.602 -9.5
1.603 -9.2
1.604 -8.9
1.605 -8.6
1.606 -8.4
1.607 -8.1
1.608 -7.8
1.609 -7.5
1.61 -7.2
1.611 -6.9
1.612 -6.7
1.613 -6.4
1.614 -6.1
1.615 -5.8
1.616 -5.5
1.617 -5.3
1.618 -5.0
1.619 -4.8
1.62 -4.5
1.621 -4.3
1.622 -4.1
1.623 -3.8
1.624 -3.6
1.625 -3.4
1.626 -3.3
1.627 -3.1
1.628 -3.0
1.629 -2.9
1.63 -2.8
1.631 -2.7
1.632 -2.6
1.633 -2.6
1.634 -2.6
1.635 -2.6
1.636 -2.6
1.637 -2.7
1.638 -2.8
1.639 -2.9
1.64 -3.0
1.641 -3.1
1.642 -3.3
1.643 -3.5
1.644 -3.6
1.645 -3.9
1.646 -4.1
1.647 -4.3
1.648 -4.5
1.649 -4.8
1.65 -5.0
1.651 -5.3
1.652 -5.5
1.653 -5.8
1.654 -6.1
1.655 -6.4
1.656 -6.6
1.657 -6.9
1.658 -7.2
1.659 -7.4
1.66 -7.7
1.661 -8.0
1.662 -8.3
1.663 -8.6
1.664 -8.8
1.665 -9.1
1.666 -9.3
1.667 -9.6
1.668 -9.9
1.669 -10.1
1.67 -10.4
1.671 -10.7
1.672 -10.9
1.673 -11.1
1.674 -11.4
1.675 -11.6
1.676 -11.8
1.677 -12.1
1.678 -12.3
1.679 -12.5
1.68 -12.8
1.681 -13.0
1.682 -13.2
1.683 -13.4
1.684 -13.6
1.685 -13.8
1.686 -13.9
1.687 -14.1
1.688 -14.3
1.689 -14.5
1.69 -14.6
1.691 -14.8
1.692 -15.0
1.693 -15.1
1.694 -15.3
1.695 -15.4
1.696 -15.5
1.697 -15.7
1.698 -15.8
1.699 -15.9
1.7 -16.0
1.701 -16.1
1.702 -16.2
1.703 -16.3
1.704 -16.4
1.705 -16.5
1.706 -16.6
1.707 -16.6
1.708 -16.7
1.709 -16.8
1.71 -16.8
1.711 -16.8
1.712 -16.9
1.713 -16.9
1.714 -17.0
1.715 -17.0
1.716 -17.0
1.717 -17.0
1.718 -17.0
1.719 -17.0
1.72 -16.9
1.721 -16.9
1.722 -16.8
1.723 -16.8
1.724 -16.7
1.725 -16.6
1.726 -16.5
1.727 -16.4
1.728 -16.3
1.729 -16.2
1.73 -16.1
1.731 -15.9
1.732 -15.8
1.733 -15.7
1.734 -15.5
1.735 -15.4
1.736 -15.2
1.737 -15.0
1.738 -14.8
1.739 -14.6
1.74 -14.4
1.741 -14.2
1.742 -14.0
1.743 -13.7
1.744 -13.5
1.745 -13.3
1.746 -13.0
1.747 -12.7
1.748 -12.5
1.749 -12.2
1.75 -11.9
1.751 -11.6
1.752 -11.3
1.753 -11.1
1.754 -10.7
1.755 -10.4
1.756 -10.1
1.757 -9.7
1.758 -9.4
1.759 -9.1
1.76 -8.8
1.761 -8.4
1.762 -8.1
1.763 -7.7
1.764 -7.4
1.765 -7.1
1.766 -6.7
1.767 -6.4
1.768 -6.0
1.769 -5.7
1.77 -5.3
1.771 -5.0
1.772 -4.7
1.773 -4.3
1.774 -4.0
1.775 -3.7
1.776 -3.4
1.777 -3.2
1.778 -3.0
1.779 -2.7
1.78 -2.6
1.781 -2.4
1.782 -2.2
1.783 -2.1
1.784 -2.1
1.785 -2.0
1.786 -2.0
1.787 -1.9
1.788 -2.0
1.789 -2.0
1.79 -2.1
1.791 -2.2
1.792 -2.3
1.793 -2.5
1.794 -2.7
1.795 -2.9
1.796 -3.1
1.797 -3.3
1.798 -3.6
1.799 -3.8
1.8 -4.1
1.801 -4.4
1.802 -4.7
1.803 -5.0
1.804 -5.3
1.805 -5.7
1.806 -6.0
1.807 -6.3
1.808 -6.6
1.809 -6.9
1.81 -7.2
1.811 -7.6
1.812 -7.9
1.813 -8.2
1.814 -8.5
1.815 -8.8
1.816 -9.1
1.817 -9.4
1.818 -9.7
1.819 -10.0
1.82 -10.3
1.821 -10.6
1.822 -10.8
1.823 -11.1
1.824 -11.4
1.825 -11.6
1.826 -11.9
1.827 -12.2
1.828 -12.5
1.829 -12.7
1.83 -12.9
1.831 -13.2
1.832 -13.4
1.833 -13.7
1.834 -13.9
1.835 -14.1
1.836 -14.3
1.837 -14.5
1.838 -14.7
1.839 -14.9
1.84 -15.1
1.841 -15.3
1.842 -15.4
1.843 -15.6
1.844 -15.8
1.845 -16.0
1.846 -16.1
1.847 -16.3
1.848 -16.4
1.849 -16.5
1.85 -16.7
1.851 -16.8
1.852 -16.9
1.853 -17.0
1.854 -17.1
1.855 -17.2
1.856 -17.3
1.857 -17.4
1.858 -17.5
1.859 -17.6
1.86 -17.6
1.861 -17.7
1.862 -17.7
1.863 -17.8
1.864 -17.8
1.865 -17.8
1.866 -17.8
1.867 -17.8
1.868 -17.8
1.869 -17.7
1.87 -17.7
1.871 -17.6
1.872 -17.6
1.873 -17.5
1.874 -17.4
1.875 -17.3
1.876 -17.2
1.877 -17.1
1.878 -17.0
1.879 -16.8
1.88 -16.7
1.881 -16.5
1.882 -16.3
1.883 -16.2
1.884 -16.0
1.885 -15.8
1.886 -15.6
1.887 -15.4
1.888 -15.2
1.889 -15.0
1.89 -14.7
1.891 -14.5
1.892 -14.3
1.893 -14.0
1.894 -13.8
1.895 -13.5
1.896 -13.2
1.897 -12.9
1.898 -12.7
1.899 -12.3
1.9 -12.0
1.901 -11.7
1.902 -11.4
1.903 -11.1
1.904 -10.7
1.905 -10.4
1.906 -10.0
1.907 -9.7
1.908 -9.3
1.909 -9.0
1.91 -8.6
1.911 -8.2
1.912 -7.8
1.913 -7.4
1.914 -7.0
1.915 -6.7
1.916 -6.2
1.917 -5.9
1.918 -5.5
1.919 -5.1
1.92 -4.7
1.921 -4.3
1.922 -3.9
1.923 -3.6
1.924 -3.2
1.925 -2.9
1.926 -2.6
1.927 -2.3
1.928 -2.1
1.929 -1.9
1.93 -1.7
1.931 -1.5
1.932 -1.4
1.933 -1.3
1.934 -1.2
1.935 -1.2
1.936 -1.2
1.937 -1.3
1.938 -1.4
1.939 -1.5
1.94 -1.6
1.941 -1.8
1.942 -2.0
1.943 -2.2
1.944 -2.5
1.945 -2.8
1.946 -3.1
1.947 -3.4
1.948 -3.7
1.949 -4.1
1.95 -4.4
1.951 -4.8
1.952 -5.2
1.953 -5.5
1.954 -5.9
1.955 -6.3
1.956 -6.7
1.957 -7.1
1.958 -7.4
1.959 -7.8
1.96 -8.2
1.961 -8.5
1.962 -8.9
1.963 -9.3
1.964 -9.6
1.965 -10.0
1.966 -10.3
1.967 -10.7
1.968 -11.0
1.969 -11.4
1.97 -11.7
1.971 -12.1
1.972 -12.4
1.973 -12.7
1.974 -13.0
1.975 -13.3
1.976 -13.7
1.977 -14.0
1.978 -14.3
1.979 -14.5
1.98 -14.8
1.981 -15.1
1.982 -15.4
1.983 -15.7
1.984 -15.9
1.985 -16.1
1.986 -16.4
1.987 -16.6
1.988 -16.9
1.989 -17.1
1.99 -17.3
1.991 -17.5
1.992 -17.7
1.993 -17.9
1.994 -18.0
1.995 -18.2
1.996 -18.3
1.997 -18.4
1.998 -18.5
1.999 -18.6
2.0 -18.7
2.001 -18.7
2.002 -18.7
2.003 -18.8
2.004 -18.8
2.005 -18.8
2.006 -18.8
2.007 -18.7
2.008 -18.7
2.009 -18.6
2.01 -18.5
2.011 -18.4
2.012 -18.3
2.013 -18.2
2.014 -18.1
2.015 -17.9
2.016 -17.8
2.017 -17.7
2.018 -17.5
2.019 -17.4
2.02 -17.2
2.021 -17.0
2.022 -16.8
2.023 -16.6
2.024 -16.4
2.025 -16.2
2.026 -16.0
2.027 -15.8
2.028 -15.6
2.029 -15.4
2.03 -15.1
2.031 -14.9
2.032 -14.6
2.033 -14.4
2.034 -14.1
2.035 -13.8
2.036 -13.5
2.037 -13.2
2.038 -13.0
2.039 -12.7
2.04 -12.3
2.041 -12.0
2.042 -11.6
2.043 -11.3
2.044 -10.9
2.045 -10.6
2.046 -10.2
2.047 -9.9
2.048 -9.5
2.049 -9.1
2.05 -8.8
2.051 -8.4
2.052 -8.0
2.053 -7.6
2.054 -7.2
2.055 -6.8
2.056 -6.4
2.057 -6.0
2.058 -5.7
2.059 -5.3
2.06 -4.9
2.061 -4.5
2.062 -4.2
2.063 -3.8
2.064 -3.5
2.065 -3.1
2.066 -2.8
2.067 -2.5
2.068 -2.3
2.069 -2.0
2.07 -1.8
2.071 -1.6
2.072 -1.4
2.073 -1.3
2.074 -1.2
2.075 -1.1
2.076 -1.0
2.077 -1.0
2.078 -1.0
2.079 -1.1
2.08 -1.2
2.081 -1.2
2.082 -1.4
2.083 -1.6
2.084 -1.7
2.085 -2.0
2.086 -2.2
2.087 -2.5
2.088 -2.8
2.089 -3.1
2.09 -3.4
2.091 -3.7
2.092 -4.1
2.093 -4.5
2.094 -4.8
2.095 -5.2
2.096 -5.6
2.097 -5.9
2.098 -6.3
2.099 -6.7
2.1 -7.1
2.101 -7.5
2.102 -7.9
2.103 -8.3
2.104 -8.6
2.105 -9.0
2.106 -9.3
2.107 -9.7
2.108 -10.1
2.109 -10.4
2.11 -10.8
2.111 -11.1
2.112 -11.5
2.113 -11.8
2.114 -12.1
2.115 -12.5
2.116 -12.8
2.117 -13.1
2.118 -13.4
2.119 -13.7
2.12 -14.1
2.121 -14.3
2.122 -14.6
2.123 -14.9
2.124 -15.2
2.125 -15.5
2.126 -15.7
2.127 -16.0
2.128 -16.3
2.129 -16.5
2.13 -16.7
2.131 -16.9
2.132 -17.2
2.133 -17.4
2.134 -17.6
2.135 -17.8
2.136 -18.0
2.137 -18.2
2.138 -18.3
2.139 -18.5
2.14 -18.6
2.141 -18.7
2.142 -18.9
2.143 -18.9
2.144 -19.0
2.145 -19.1
2.146 -19.1
2.147 -19.1
2.148 -19.1
2.149 -19.1
2.15 -19.0
2.151 -19.0
2.152 -18.9
2.153 -18.8
2.154 -18.7
2.155 -18.6
2.156 -18.4
2.157 -18.3
2.158 -18.2
2.159 -18.0
2.16 -17.8
2.161 -17.6
2.162 -17.4
2.163 -17.3
2.164 -17.0
2.165 -16.8
2.166 -16.6
2.167 -16.4
2.168 -16.1
2.169 -15.9
2.17 -15.6
2.171 -15.4
2.172 -15.1
2.173 -14.9
2.174 -14.7
2.175 -14.4
2.176 -14.1
2.177 -13.8
2.178 -13.6
2.179 -13.3
2.18 -13.0
2.181 -12.7
2.182 -12.4
2.183 -12.0
2.184 -11.7
2.185 -11.3
2.186 -11.0
2.187 -10.6
2.188 -10.3
2.189 -9.9
2.19 -9.5
2.191 -9.2
2.192 -8.8
2.193 -8.4
2.194 -8.0
2.195 -7.6
2.196 -7.2
2.197 -6.7
2.198 -6.4
2.199 -5.9
2.2 -5.5
2.201 -5.1
2.202 -4.7
2.203 -4.3
2.204 -4.0
2.205 -3.6
2.206 -3.2
2.207 -2.9
2.208 -2.6
2.209 -2.3
2.21 -2.0
2.211 -1.7
2.212 -1.5
2.213 -1.4
2.214 -1.2
2.215 -1.1
2.216 -1.0
2.217 -1.0
2.218 -1.0
2.219 -1.0
2.22 -1.0
2.221 -1.2
2.222 -1.3
2.223 -1.4
2.224 -1.6
2.225 -1.8
2.226 -2.1
2.227 -2.3
2.228 -2.6
2.229 -2.9
2.23 -3.3
2.231 -3.6
2.232 -4.0
2.233 -4.3
2.234 -4.7
2.235 -5.1
2.236 -5.5
2.237 -5.9
2.238 -6.3
2.239 -6.7
2.24 -7.1
2.241 -7.5
2.242 -7.9
2.243 -8.3
2.244 -8.7
2.245 -9.1
2.246 -9.5
2.247 -9.9
2.248 -10.2
2.249 -10.6
2.25 -11.0
2.251 -11.4
2.252 -11.7
2.253 -12.1
2.254 -12.5
2.255 -12.8
2.256 -13.2
2.257 -13.5
2.258 -13.9
2.259 -14.2
2.26 -14.5
2.261 -14.8
2.262 -15.1
2.263 -15.4
2.264 -15.7
2.265 -16.0
2.266 -16.3
2.267 -16.5
2.268 -16.8
2.269 -17.1
2.27 -17.3
2.271 -17.6
2.272 -17.8
2.273 -18.0
2.274 -18.3
2.275 -18.5
2.276 -18.7
2.277 -18.8
2.278 -19.0
2.279 -19.1
2.28 -19.2
2.281 -19.3
2.282 -19.4
2.283 -19.4
2.284 -19.4
2.285 -19.5
2.286 -19.5
2.287 -19.5
2.288 -19.4
2.289 -19.4
2.29 -19.3
2.291 -19.2
2.292 -19.1
2.293 -19.0
2.294 -18.9
2.295 -18.7
2.296 -18.5
2.297 -18.4
2.298 -18.2
2.299 -18.0
2.3 -17.8
2.301 -17.6
2.302 -17.3
2.303 -17.1
2.304 -16.9
2.305 -16.6
2.306 -16.4
2.307 -16.1
2.308 -15.8
2.309 -15.6
2.31 -15.3
2.311 -15.0
2.312 -14.7
2.313 -14.5
2.314 -14.2
2.315 -13.8
2.316 -13.5
2.317 -13.2
2.318 -12.9
2.319 -12.5
2.32 -12.2
2.321 -11.8
2.322 -11.5
2.323 -11.1
2.324 -10.7
2.325 -10.4
2.326 -10.0
2.327 -9.5
2.328 -9.1
2.329 -8.7
2.33 -8.3
2.331 -7.9
2.332 -7.4
2.333 -7.0
2.334 -6.6
2.335 -6.2
2.336 -5.7
2.337 -5.3
2.338 -4.9
2.339 -4.5
2.34 -4.1
2.341 -3.7
2.342 -3.3
2.343 -2.9
2.344 -2.6
2.345 -2.2
2.346 -1.9
2.347 -1.7
