Perfil
t θ
0.0 -2.9
0.001 -2.2
0.002 -1.5
0.003 -0.9
0.004 -0.2
0.005 0.5
0.006 1.1
0.007 1.6
0.008 2.2
0.009 2.7
0.01 3.2
0.011 3.7
0.012 4.1
0.013 4.5
0.014 4.8
0.015 5.0
0.016 5.2
0.017 5.3
0.018 5.3
0.019 5.3
0.02 5.3
0.021 5.1
0.022 5.0
0.023 4.7
0.024 4.4
0.025 4.1
0.026 3.6
0.027 3.2
0.028 2.7
0.029 2.2
0.03 1.6
0.031 1.0
0.032 0.4
0.033 -0.3
0.034 -0.9
0.035 -1.6
0.036 -2.3
0.037 -3.0
0.038 -3.6
0.039 -4.4
0.04 -5.1
0.041 -5.7
0.042 -6.5
0.043 -7.1
0.044 -7.8
0.045 -8.5
0.046 -9.2
0.047 -9.8
0.048 -10.5
0.049 -11.1
0.05 -11.8
0.051 -12.4
0.052 -13.0
0.053 -13.7
0.054 -14.3
0.055 -14.9
0.056 -15.4
0.057 -16.0
0.058 -16.6
0.059 -17.1
0.06 -17.7
0.061 -18.2
0.062 -18.7
0.063 -19.2
0.064 -19.7
0.065 -20.1
0.066 -20.6
0.067 -21.0
0.068 -21.5
0.069 -21.8
0.07 -22.2
0.071 -22.6
0.072 -22.9
0.073 -23.1
0.074 -23.3
0.075 -23.5
0.076 -23.7
0.077 -23.8
0.078 -23.9
0.079 -24.0
0.08 -24.1
0.081 -24.2
0.082 -24.2
0.083 -24.2
0.084 -24.2
0.085 -24.1
0.086 -24.1
0.087 -24.0
0.088 -23.8
0.089 -23.6
0.09 -23.4
0.091 -23.2
0.092 -23.0
0.093 -22.7
0.094 -22.4
0.095 -22.1
0.096 -21.8
0.097 -21.5
0.098 -21.1
0.099 -20.7
0.1 -20.4
0.101 -20.0
0.102 -19.6
0.103 -19.2
0.104 -18.7
0.105 -18.3
0.106 -17.8
0.107 -17.3
0.108 -16.9
0.109 -16.3
0.11 -15.9
0.111 -15.3
0.112 -14.8
0.113 -14.3
0.114 -13.7
0.115 -13.2
0.116 -12.6
0.117 -12.1
0.118 -11.5
0.119 -10.9
0.12 -10.3
0.121 -9.7
0.122 -9.0
0.123 -8.4
0.124 -7.7
0.125 -7.1
0.126 -6.4
0.127 -5.7
0.128 -5.0
0.129 -4.3
0.13 -3.6
0.131 -2.9
0.132 -2.2
0.133 -1.6
0.134 -0.9
0.135 -0.3
0.136 0.3
0.137 1.0
0.138 1.6
0.139 2.1
0.14 2.6
0.141 3.1
0.142 3.5
0.143 3.9
0.144 4.3
0.145 4.6
0.146 4.8
0.147 4.9
0.148 5.0
0.149 5.1
0.15 5.1
0.151 5.0
0.152 4.8
0.153 4.6
0.154 4.4
0.155 4.1
0.156 3.7
0.157 3.3
0.158 2.9
0.159 2.4
0.16 1.9
0.161 1.3
0.162 0.7
0.163 0.1
0.164 -0.5
0.165 -1.2
0.166 -1.8
0.167 -2.5
0.168 -3.2
0.169 -3.9
0.17 -4.5
0.171 -5.2
0.172 -5.9
0.173 -6.5
0.174 -7.2
0.175 -7.9
0.176 -8.5
0.177 -9.1
0.178 -9.8
0.179 -10.4
0.18 -11.0
0.181 -11.6
0.182 -12.2
0.183 -12.8
0.184 -13.4
0.185 -14.0
0.186 -14.5
0.187 -15.1
0.188 -15.6
0.189 -16.1
0.19 -16.6
0.191 -17.1
0.192 -17.6
0.193 -18.1
0.194 -18.6
0.195 -19.0
0.196 -19.5
0.197 -19.9
0.198 -20.3
0.199 -20.7
0.2 -21.1
0.201 -21.4
0.202 -21.7
0.203 -22.0
0.204 -22.3
0.205 -22.5
0.206 -22.7
0.207 -22.8
0.208 -22.9
0.209 -23.0
0.21 -23.1
0.211 -23.2
0.212 -23.2
0.213 -23.3
0.214 -23.3
0.215 -23.3
0.216 -23.2
0.217 -23.2
0.218 -23.1
0.219 -23.0
0.22 -22.8
0.221 -22.7
0.222 -22.5
0.223 -22.2
0.224 -22.0
0.225 -21.7
0.226 -21.4
0.227 -21.1
0.228 -20.8
0.229 -20.5
0.23 -20.1
0.231 -19.7
0.232 -19.3
0.233 -18.9
0.234 -18.5
0.235 -18.1
0.236 -17.7
0.237 -17.2
0.238 -16.7
0.239 -16.2
0.24 -15.7
0.241 -15.2
0.242 -14.7
0.243 -14.1
0.244 -13.6
0.245 -13.0
0.246 -12.4
0.247 -11.8
0.248 -11.2
0.249 -10.6
0.25 -10.0
0.251 -9.3
0.252 -8.7
0.253 -8.0
0.254 -7.4
0.255 -6.7
0.256 -6.0
0.257 -5.3
0.258 -4.6
0.259 -3.9
0.26 -3.2
0.261 -2.5
0.262 -1.8
0.263 -1.2
0.264 -0.5
0.265 0.1
0.266 0.8
0.267 1.4
0.268 1.9
0.269 2.4
0.27 2.9
0.271 3.4
0.272 3.8
0.273 4.2
0.274 4.5
0.275 4.8
0.276 5.0
0.277 5.1
0.278 5.2
0.279 5.2
0.28 5.2
0.281 5.1
0.282 5.0
0.283 4.8
0.284 4.5
0.285 4.2
0.286 3.8
0.287 3.4
0.288 3.1
0.289 2.6
0.29 2.1
0.291 1.5
0.292 1.0
0.293 0.4
0.294 -0.2
0.295 -0.9
0.296 -1.5
0.297 -2.1
0.298 -2.8
0.299 -3.4
0.3 -4.1
0.301 -4.7
0.302 -5.4
0.303 -6.0
0.304 -6.7
0.305 -7.3
0.306 -7.9
0.307 -8.5
0.308 -9.2
0.309 -9.8
0.31 -10.4
0.311 -11.0
0.312 -11.6
0.313 -12.1
0.314 -12.7
0.315 -13.2
0.316 -13.8
0.317 -14.3
0.318 -14.8
0.319 -15.4
0.32 -15.9
0.321 -16.3
0.322 -16.8
0.323 -17.3
0.324 -17.7
0.325 -18.2
0.326 -18.6
0.327 -19.0
0.328 -19.4
0.329 -19.8
0.33 -20.2
0.331 -20.6
0.332 -20.9
0.333 -21.3
0.334 -21.5
0.335 -21.8
0.336 -22.1
0.337 -22.3
0.338 -22.4
0.339 -22.6
0.34 -22.7
0.341 -22.8
0.342 -22.9
0.343 -23.0
0.344 -23.1
0.345 -23.1
0.346 -23.2
0.347 -23.2
0.348 -23.1
0.349 -23.1
0.35 -23.0
0.351 -22.9
0.352 -22.8
0.353 -22.7
0.354 -22.5
0.355 -22.3
0.356 -22.0
0.357 -21.8
0.358 -21.5
0.359 -21.2
0.36 -20.9
0.361 -20.6
0.362 -20.2
0.363 -19.8
0.364 -19.4
0.365 -19.1
0.366 -18.6
0.367 -18.2
0.368 -17.8
0.369 -17.3
0.37 -16.8
0.371 -16.3
0.372 -15.8
0.373 -15.3
0.374 -14.8
0.375 -14.3
0.376 -13.7
0.377 -13.1
0.378 -12.5
0.379 -11.9
0.38 -11.4
0.381 -10.7
0.382 -10.1
0.383 -9.5
0.384 -8.8
0.385 -8.2
0.386 -7.5
0.387 -6.8
0.388 -6.0
0.389 -5.3
0.39 -4.6
0.391 -3.9
0.392 -3.2
0.393 -2.5
0.394 -1.7
0.395 -1.0
0.396 -0.4
0.397 0.3
0.398 1.0
0.399 1.6
0.4 2.2
0.401 2.7
0.402 3.3
0.403 3.7
0.404 4.1
0.405 4.5
0.406 4.8
0.407 5.0
0.408 5.2
0.409 5.3
0.41 5.4
0.411 5.3
0.412 5.2
0.413 5.1
0.414 4.8
0.415 4.6
0.416 4.3
0.417 3.9
0.418 3.5
0.419 3.0
0.42 2.5
0.421 2.0
0.422 1.4
0.423 0.8
0.424 0.1
0.425 -0.5
0.426 -1.2
0.427 -1.9
0.428 -2.6
0.429 -3.2
0.43 -3.9
0.431 -4.6
0.432 -5.3
0.433 -6.0
0.434 -6.7
0.435 -7.3
0.436 -8.0
0.437 -8.6
0.438 -9.3
0.439 -9.9
0.44 -10.5
0.441 -11.1
0.442 -11.8
0.443 -12.4
0.444 -13.0
0.445 -13.6
0.446 -14.1
0.447 -14.7
0.448 -15.2
0.449 -15.8
0.45 -16.3
0.451 -16.8
0.452 -17.3
0.453 -17.8
0.454 -18.3
0.455 -18.7
0.456 -19.2
0.457 -19.6
0.458 -20.0
0.459 -20.4
0.46 -20.8
0.461 -21.2
0.462 -21.6
0.463 -21.9
0.464 -22.2
0.465 -22.5
0.466 -22.7
0.467 -22.9
0.468 -23.0
0.469 -23.1
0.47 -23.2
0.471 -23.3
0.472 -23.4
0.473 -23.4
0.474 -23.5
0.475 -23.5
0.476 -23.4
0.477 -23.4
0.478 -23.4
0.479 -23.3
0.48 -23.2
0.481 -23.1
0.482 -23.0
0.483 -22.8
0.484 -22.6
0.485 -22.3
0.486 -22.1
0.487 -21.9
0.488 -21.6
0.489 -21.3
0.49 -21.0
0.491 -20.7
0.492 -20.3
0.493 -19.9
0.494 -19.6
0.495 -19.2
0.496 -18.8
0.497 -18.4
0.498 -17.9
0.499 -17.5
0.5 -17.0
0.501 -16.5
0.502 -16.1
0.503 -15.6
0.504 -15.0
0.505 -14.5
0.506 -13.9
0.507 -13.4
0.508 -12.8
0.509 -12.2
0.51 -11.6
0.511 -11.0
0.512 -10.4
0.513 -9.8
0.514 -9.1
0.515 -8.5
0.516 -7.8
0.517 -7.1
0.518 -6.4
0.519 -5.7
0.52 -5.0
0.521 -4.3
0.522 -3.6
0.523 -2.9
0.524 -2.2
0.525 -1.5
0.526 -0.9
0.527 -0.2
0.528 0.4
0.529 1.0
0.53 1.6
0.531 2.2
0.532 2.7
0.533 3.2
0.534 3.7
0.535 4.1
0.536 4.4
0.537 4.7
0.538 4.9
0.539 5.1
0.54 5.2
0.541 5.2
0.542 5.2
0.543 5.2
0.544 5.0
0.545 4.8
0.546 4.5
0.547 4.2
0.548 3.9
0.549 3.4
0.55 3.0
0.551 2.5
0.552 2.0
0.553 1.4
0.554 0.8
0.555 0.2
0.556 -0.4
0.557 -1.1
0.558 -1.7
0.559 -2.4
0.56 -3.1
0.561 -3.8
0.562 -4.5
0.563 -5.2
0.564 -5.9
0.565 -6.5
0.566 -7.2
0.567 -7.9
0.568 -8.5
0.569 -9.2
0.57 -9.8
0.571 -10.4
0.572 -11.1
0.573 -11.7
0.574 -12.3
0.575 -12.9
0.576 -13.5
0.577 -14.1
0.578 -14.7
0.579 -15.2
0.58 -15.8
0.581 -16.3
0.582 -16.9
0.583 -17.4
0.584 -17.9
0.585 -18.4
0.586 -18.8
0.587 -19.3
0.588 -19.7
0.589 -20.2
0.59 -20.6
0.591 -21.0
0.592 -21.4
0.593 -21.8
0.594 -22.1
0.595 -22.5
0.596 -22.7
0.597 -22.9
0.598 -23.1
0.599 -23.3
0.6 -23.4
0.601 -23.5
0.602 -23.7
0.603 -23.7
0.604 -23.8
0.605 -23.8
0.606 -23.9
0.607 -23.8
0.608 -23.8
0.609 -23.8
0.61 -23.7
0.611 -23.6
0.612 -23.5
0.613 -23.3
0.614 -23.1
0.615 -22.9
0.616 -22.6
0.617 -22.3
0.618 -22.1
0.619 -21.8
0.62 -21.5
0.621 -21.1
0.622 -20.8
0.623 -20.4
0.624 -20.0
0.625 -19.6
0.626 -19.1
0.627 -18.7
0.628 -18.3
0.629 -17.8
0.63 -17.3
0.631 -16.8
0.632 -16.3
0.633 -15.8
0.634 -15.3
0.635 -14.7
0.636 -14.1
0.637 -13.6
0.638 -13.0
0.639 -12.4
0.64 -11.8
0.641 -11.2
0.642 -10.6
0.643 -9.9
0.644 -9.3
0.645 -8.6
0.646 -7.9
0.647 -7.2
0.648 -6.5
0.649 -5.8
0.65 -5.1
0.651 -4.4
0.652 -3.7
0.653 -2.9
0.654 -2.2
0.655 -1.5
0.656 -0.8
0.657 -0.1
0.658 0.5
0.659 1.2
0.66 1.8
0.661 2.4
0.662 2.9
0.663 3.4
0.664 3.9
0.665 4.3
0.666 4.6
0.667 4.9
0.668 5.2
0.669 5.3
0.67 5.5
0.671 5.5
0.672 5.5
0.673 5.4
0.674 5.3
0.675 5.1
0.676 4.8
0.677 4.5
0.678 4.1
0.679 3.8
0.68 3.3
0.681 2.8
0.682 2.2
0.683 1.7
0.684 1.1
0.685 0.5
0.686 -0.2
0.687 -0.9
0.688 -1.5
0.689 -2.2
0.69 -2.9
0.691 -3.6
0.692 -4.3
0.693 -5.0
0.694 -5.7
0.695 -6.4
0.696 -7.0
0.697 -7.7
0.698 -8.4
0.699 -9.0
0.7 -9.6
0.701 -10.3
0.702 -10.9
0.703 -11.5
0.704 -12.2
0.705 -12.8
0.706 -13.4
0.707 -14.0
0.708 -14.5
0.709 -15.1
0.71 -15.6
0.711 -16.2
0.712 -16.7
0.713 -17.2
0.714 -17.7
0.715 -18.2
0.716 -18.7
0.717 -19.2
0.718 -19.6
0.719 -20.1
0.72 -20.5
0.721 -20.9
0.722 -21.3
0.723 -21.7
0.724 -22.0
0.725 -22.4
0.726 -22.6
0.727 -22.9
0.728 -23.1
0.729 -23.3
0.73 -23.4
0.731 -23.5
0.732 -23.7
0.733 -23.8
0.734 -23.8
0.735 -23.9
0.736 -24.0
0.737 -24.0
0.738 -24.0
0.739 -24.0
0.74 -23.9
0.741 -23.8
0.742 -23.7
0.743 -23.6
0.744 -23.4
0.745 -23.2
0.746 -23.0
0.747 -22.8
0.748 -22.5
0.749 -22.2
0.75 -21.9
0.751 -21.6
0.752 -21.3
0.753 -20.9
0.754 -20.5
0.755 -20.1
0.756 -19.7
0.757 -19.3
0.758 -18.9
0.759 -18.5
0.76 -18.0
0.761 -17.5
0.762 -17.0
0.763 -16.5
0.764 -16.0
0.765 -15.4
0.766 -14.9
0.767 -14.3
0.768 -13.8
0.769 -13.2
0.77 -12.6
0.771 -12.0
0.772 -11.4
0.773 -10.7
0.774 -10.1
0.775 -9.4
0.776 -8.8
0.777 -8.1
0.778 -7.4
0.779 -6.7
0.78 -5.9
0.781 -5.2
0.782 -4.4
0.783 -3.7
0.784 -2.9
0.785 -2.2
0.786 -1.4
0.787 -0.7
0.788 0.0
0.789 0.7
0.79 1.4
0.791 2.0
0.792 2.6
0.793 3.2
0.794 3.8
0.795 4.2
0.796 4.7
0.797 5.1
0.798 5.4
0.799 5.6
0.8 5.8
0.801 5.9
0.802 6.0
0.803 6.0
0.804 6.0
0.805 6.0
0.806 5.8
0.807 5.7
0.808 5.6
0.809 5.6
0.81 5.5
0.811 5.4
0.812 5.2
0.813 5.0
0.814 4.8
0.815 4.6
0.816 4.5
0.817 4.3
0.818 4.1
0.819 4.0
0.82 3.9
0.821 3.7
0.822 3.6
0.823 3.4
0.824 3.3
0.825 3.2
0.826 3.1
0.827 3.0
0.828 2.9
0.829 2.8
0.83 2.6
0.831 2.5
0.832 2.4
0.833 2.3
0.834 2.2
0.835 2.0
0.836 1.9
0.837 1.7
0.838 1.6
0.839 1.4
0.84 1.3
0.841 1.2
0.842 1.0
0.843 0.9
0.844 0.8
0.845 0.7
0.846 0.5
0.847 0.4
0.848 0.3
0.849 0.3
0.85 0.2
0.851 0.1
0.852 0.1
0.853 0.0
0.854 0.0
0.855 0.0
0.856 0.0
0.857 0.0
0.858 0.1
0.859 0.2
0.86 0.2
0.861 0.3
0.862 0.4
0.863 0.5
0.864 0.6
0.865 0.7
0.866 0.8
0.867 0.9
0.868 1.0
0.869 1.1
0.87 1.2
0.871 1.3
0.872 1.4
0.873 1.5
0.874 1.7
0.875 1.7
0.876 1.8
0.877 1.9
0.878 2.0
0.879 2.0
0.88 2.1
0.881 2.1
0.882 2.2
0.883 2.2
0.884 2.2
0.885 2.2
0.886 2.2
0.887 2.3
0.888 2.2
0.889 2.2
0.89 2.2
0.891 2.2
0.892 2.2
0.893 2.1
0.894 2.1
0.895 2.1
0.896 2.0
0.897 2.0
0.898 1.9
0.899 1.8
0.9 1.7
0.901 1.7
0.902 1.6
0.903 1.5
0.904 1.4
0.905 1.3
0.906 1.2
0.907 1.1
0.908 1.0
0.909 0.9
0.91 0.8
0.911 0.7
0.912 0.6
0.913 0.5
0.914 0.3
0.915 0.2
0.916 0.0
0.917 -0.1
0.918 -0.2
0.919 -0.4
0.92 -0.5
0.921 -0.7
0.922 -0.9
0.923 -1.0
0.924 -1.2
0.925 -1.4
0.926 -1.5
0.927 -1.7
0.928 -1.8
0.929 -2.0
0.93 -2.1
0.931 -2.2
0.932 -2.4
0.933 -2.4
0.934 -2.5
0.935 -2.6
0.936 -2.6
0.937 -2.6
0.938 -2.6
0.939 -2.6
0.94 -2.6
0.941 -2.5
0.942 -2.5
0.943 -2.4
0.944 -2.4
0.945 -2.3
0.946 -2.2
0.947 -2.1
0.948 -2.0
0.949 -1.9
0.95 -1.8
0.951 -1.7
0.952 -1.7
0.953 -1.6
0.954 -1.5
0.955 -1.4
0.956 -1.4
0.957 -1.3
0.958 -1.3
0.959 -1.3
0.96 -1.2
0.961 -1.2
0.962 -1.2
0.963 -1.2
0.964 -1.2
0.965 -1.2
0.966 -1.2
0.967 -1.3
0.968 -1.4
0.969 -1.4
0.97 -1.5
0.971 -1.6
0.972 -1.7
0.973 -1.8
0.974 -1.9
0.975 -2.0
0.976 -2.1
0.977 -2.3
0.978 -2.4
0.979 -2.6
0.98 -2.7
0.981 -2.9
0.982 -3.1
0.983 -3.3
0.984 -3.5
0.985 -3.7
0.986 -3.9
0.987 -4.1
0.988 -4.2
0.989 -4.4
0.99 -4.6
0.991 -4.7
0.992 -4.8
0.993 -4.9
0.994 -5.1
0.995 -5.2
0.996 -5.3
0.997 -5.3
0.998 -5.4
0.999 -5.4
1.0 -5.5
1.001 -5.5
1.002 -5.5
1.003 -5.6
1.004 -5.6
1.005 -5.6
1.006 -5.7
1.007 -5.7
1.008 -5.8
1.009 -5.8
1.01 -5.9
1.011 -6.0
1.012 -6.0
1.013 -6.0
1.014 -6.1
1.015 -6.1
1.016 -6.2
1.017 -6.2
1.018 -6.3
1.019 -6.3
1.02 -6.4
1.021 -6.5
1.022 -6.5
1.023 -6.6
1.024 -6.7
1.025 -6.8
1.026 -6.9
1.027 -7.0
1.028 -7.1
1.029 -7.2
1.03 -7.3
1.031 -7.4
1.032 -7.5
1.033 -7.7
1.034 -7.8
1.035 -7.9
1.036 -8.1
1.037 -8.2
1.038 -8.4
1.039 -8.5
1.04 -8.6
1.041 -8.8
1.042 -8.9
1.043 -9.1
1.044 -9.2
1.045 -9.4
1.046 -9.6
1.047 -9.8
1.048 -9.9
1.049 -10.0
1.05 -10.2
1.051 -10.3
1.052 -10.5
1.053 -10.7
1.054 -10.8
1.055 -10.9
1.056 -11.0
1.057 -11.2
1.058 -11.3
1.059 -11.5
1.06 -11.6
1.061 -11.7
1.062 -11.8
1.063 -11.9
1.064 -12.0
1.065 -12.2
1.066 -12.3
1.067 -12.4
1.068 -12.5
1.069 -12.6
1.07 -12.6
1.071 -12.7
1.072 -12.8
1.073 -12.9
1.074 -12.9
1.075 -13.0
1.076 -13.0
1.077 -13.1
1.078 -13.1
1.079 -13.1
1.08 -13.1
1.081 -13.1
1.082 -13.1
1.083 -13.1
1.084 -13.1
1.085 -13.1
1.086 -13.1
1.087 -13.1
1.088 -13.1
1.089 -13.0
1.09 -12.9
1.091 -12.9
1.092 -12.8
1.093 -12.7
1.094 -12.6
1.095 -12.6
1.096 -12.4
1.097 -12.3
1.098 -12.2
1.099 -12.1
1.1 -12.0
1.101 -11.9
1.102 -11.7
1.103 -11.6
1.104 -11.5
1.105 -11.3
1.106 -11.2
1.107 -11.0
1.108 -10.9
1.109 -10.7
1.11 -10.5
1.111 -10.3
1.112 -10.1
1.113 -9.9
1.114 -9.8
1.115 -9.5
1.116 -9.3
1.117 -9.1
1.118 -8.9
1.119 -8.7
1.12 -8.5
1.121 -8.3
1.122 -8.1
1.123 -7.9
1.124 -7.7
1.125 -7.5
1.126 -7.4
1.127 -7.2
1.128 -7.0
1.129 -6.8
1.13 -6.7
1.131 -6.5
1.132 -6.3
1.133 -6.1
1.134 -6.0
1.135 -5.8
1.136 -5.7
1.137 -5.5
1.138 -5.3
1.139 -5.2
1.14 -5.0
1.141 -4.9
1.142 -4.8
1.143 -4.6
1.144 -4.6
1.145 -4.4
1.146 -4.3
1.147 -4.3
1.148 -4.1
1.149 -4.1
1.15 -4.0
1.151 -3.9
1.152 -3.9
1.153 -3.9
1.154 -3.9
1.155 -3.8
1.156 -3.8
1.157 -3.8
1.158 -3.8
1.159 -3.8
1.16 -3.9
1.161 -3.9
1.162 -3.9
1.163 -4.0
1.164 -4.1
1.165 -4.1
1.166 -4.2
1.167 -4.3
1.168 -4.4
1.169 -4.5
1.17 -4.6
1.171 -4.7
1.172 -4.8
1.173 -4.9
1.174 -5.0
1.175 -5.1
1.176 -5.2
1.177 -5.3
1.178 -5.4
1.179 -5.5
1.18 -5.6
1.181 -5.8
1.182 -5.9
1.183 -6.0
1.184 -6.1
1.185 -6.2
1.186 -6.4
1.187 -6.5
1.188 -6.6
1.189 -6.7
1.19 -6.8
1.191 -6.9
1.192 -7.0
1.193 -7.1
1.194 -7.2
1.195 -7.3
1.196 -7.4
1.197 -7.5
1.198 -7.6
1.199 -7.7
1.2 -7.8
1.201 -7.9
1.202 -8.1
1.203 -8.2
1.204 -8.3
1.205 -8.4
1.206 -8.5
1.207 -8.6
1.208 -8.7
1.209 -8.8
1.21 -8.9
1.211 -9.1
1.212 -9.1
1.213 -9.3
1.214 -9.4
1.215 -9.5
1.216 -9.6
1.217 -9.8
1.218 -9.9
1.219 -10.0
1.22 -10.2
1.221 -10.3
1.222 -10.4
1.223 -10.5
1.224 -10.6
1.225 -10.8
1.226 -10.9
1.227 -11.0
1.228 -11.1
1.229 -11.2
1.23 -11.4
1.231 -11.5
1.232 -11.6
1.233 -11.7
1.234 -11.8
1.235 -11.9
1.236 -12.0
1.237 -12.1
1.238 -12.2
1.239 -12.2
1.24 -12.3
1.241 -12.4
1.242 -12.4
1.243 -12.5
1.244 -12.6
1.245 -12.6
1.246 -12.7
1.247 -12.7
1.248 -12.7
1.249 -12.8
1.25 -12.8
1.251 -12.8
1.252 -12.8
1.253 -12.8
1.254 -12.8
1.255 -12.8
1.256 -12.8
1.257 -12.8
1.258 -12.8
1.259 -12.7
1.26 -12.7
1.261 -12.6
1.262 -12.6
1.263 -12.5
1.264 -12.4
1.265 -12.4
1.266 -12.3
1.267 -12.2
1.268 -12.1
1.269 -12.0
1.27 -11.9
1.271 -11.8
1.272 -11.7
1.273 -11.6
1.274 -11.5
1.275 -11.4
1.276 -11.2
1.277 -11.1
1.278 -11.0
1.279 -10.9
1.28 -10.7
1.281 -10.6
1.282 -10.4
1.283 -10.3
1.284 -10.1
1.285 -9.9
1.286 -9.8
1.287 -9.6
1.288 -9.4
1.289 -9.2
1.29 -9.1
1.291 -8.9
1.292 -8.7
1.293 -8.5
1.294 -8.2
1.295 -8.1
1.296 -7.9
1.297 -7.7
1.298 -7.5
1.299 -7.3
1.3 -7.1
1.301 -6.9
1.302 -6.7
1.303 -6.5
1.304 -6.2
1.305 -6.0
1.306 -5.8
1.307 -5.7
1.308 -5.5
1.309 -5.3
1.31 -5.1
1.311 -4.9
1.312 -4.8
1.313 -4.6
1.314 -4.4
1.315 -4.3
1.316 -4.1
1.317 -4.0
1.318 -3.9
1.319 -3.8
1.32 -3.7
1.321 -3.6
1.322 -3.5
1.323 -3.5
1.324 -3.4
1.325 -3.4
1.326 -3.4
1.327 -3.4
1.328 -3.4
1.329 -3.4
1.33 -3.4
1.331 -3.5
1.332 -3.5
1.333 -3.6
1.334 -3.7
1.335 -3.8
1.336 -3.9
1.337 -4.0
1.338 -4.1
1.339 -4.3
1.34 -4.4
1.341 -4.6
1.342 -4.7
1.343 -4.8
1.344 -5.0
1.345 -5.2
1.346 -5.3
1.347 -5.5
1.348 -5.7
1.349 -5.8
1.35 -6.0
1.351 -6.2
1.352 -6.4
1.353 -6.5
1.354 -6.7
1.355 -6.9
1.356 -7.0
1.357 -7.2
1.358 -7.4
1.359 -7.5
1.36 -7.7
1.361 -7.9
1.362 -8.0
1.363 -8.2
1.364 -8.3
1.365 -8.4
1.366 -8.6
1.367 -8.8
1.368 -8.9
1.369 -9.0
1.37 -9.1
1.371 -9.3
1.372 -9.4
1.373 -9.5
1.374 -9.6
1.375 -9.8
1.376 -9.9
1.377 -10.0
1.378 -10.1
1.379 -10.2
1.38 -10.3
1.381 -10.4
1.382 -10.5
1.383 -10.6
1.384 -10.7
1.385 -10.9
1.386 -10.9
1.387 -11.0
1.388 -11.1
1.389 -11.2
1.39 -11.3
1.391 -11.4
1.392 -11.5
1.393 -11.6
1.394 -11.7
1.395 -11.7
1.396 -11.8
1.397 -11.9
1.398 -12.0
1.399 -12.0
1.4 -12.1
1.401 -12.1
1.402 -12.2
1.403 -12.3
1.404 -12.3
1.405 -12.3
1.406 -12.4
1.407 -12.4
1.408 -12.4
1.409 -12.5
1.41 -12.5
1.411 -12.5
1.412 -12.6
1.413 -12.6
1.414 -12.6
1.415 -12.6
1.416 -12.6
1.417 -12.6
1.418 -12.6
1.419 -12.6
1.42 -12.6
1.421 -12.6
1.422 -12.6
1.423 -12.6
1.424 -12.5
1.425 -12.5
1.426 -12.5
1.427 -12.4
1.428 -12.4
1.429 -12.3
1.43 -12.3
1.431 -12.3
1.432 -12.2
1.433 -12.1
1.434 -12.0
1.435 -12.0
1.436 -11.9
1.437 -11.8
1.438 -11.7
1.439 -11.6
1.44 -11.5
1.441 -11.4
1.442 -11.3
1.443 -11.2
1.444 -11.1
1.445 -11.0
1.446 -10.8
1.447 -10.7
1.448 -10.6
1.449 -10.4
1.45 -10.3
1.451 -10.2
1.452 -10.0
1.453 -9.9
1.454 -9.7
1.455 -9.5
1.456 -9.4
1.457 -9.2
1.458 -9.1
1.459 -8.9
1.46 -8.7
1.461 -8.5
1.462 -8.4
1.463 -8.2
1.464 -8.0
1.465 -7.8
1.466 -7.6
1.467 -7.4
1.468 -7.2
1.469 -7.0
1.47 -6.8
1.471 -6.7
1.472 -6.5
1.473 -6.2
1.474 -6.0
1.475 -5.8
1.476 -5.7
1.477 -5.5
1.478 -5.3
1.479 -5.1
1.48 -4.9
1.481 -4.8
1.482 -4.6
1.483 -4.4
1.484 -4.3
1.485 -4.1
1.486 -4.0
1.487 -3.9
1.488 -3.8
1.489 -3.6
1.49 -3.6
1.491 -3.5
1.492 -3.4
1.493 -3.4
1.494 -3.4
1.495 -3.3
1.496 -3.3
1.497 -3.3
1.498 -3.3
1.499 -3.4
1.5 -3.4
1.501 -3.5
1.502 -3.6
1.503 -3.6
1.504 -3.8
1.505 -3.9
1.506 -4.0
1.507 -4.1
1.508 -4.3
1.509 -4.4
1.51 -4.6
1.511 -4.8
1.512 -5.0
1.513 -5.1
1.514 -5.3
1.515 -5.5
1.516 -5.7
1.517 -5.8
1.518 -6.0
1.519 -6.2
1.52 -6.4
1.521 -6.6
1.522 -6.8
1.523 -7.0
1.524 -7.2
1.525 -7.4
1.526 -7.6
1.527 -7.8
1.528 -8.0
1.529 -8.1
1.53 -8.3
1.531 -8.5
1.532 -8.7
1.533 -8.9
1.534 -9.1
1.535 -9.3
1.536 -9.5
1.537 -9.6
1.538 -9.8
1.539 -10.0
1.54 -10.1
1.541 -10.3
1.542 -10.4
1.543 -10.6
1.544 -10.7
1.545 -10.9
1.546 -11.0
1.547 -11.2
1.548 -11.4
1.549 -11.5
1.55 -11.6
1.551 -11.7
1.552 -11.9
1.553 -12.0
1.554 -12.1
1.555 -12.2
1.556 -12.3
1.557 -12.4
1.558 -12.5
1.559 -12.6
1.56 -12.7
1.561 -12.8
1.562 -12.8
1.563 -13.0
1.564 -13.0
1.565 -13.1
1.566 -13.2
1.567 -13.2
1.568 -13.3
1.569 -13.3
1.57 -13.4
1.571 -13.4
1.572 -13.4
1.573 -13.5
1.574 -13.5
1.575 -13.5
1.576 -13.5
1.577 -13.5
1.578 -13.5
1.579 -13.5
1.58 -13.5
1.581 -13.5
1.582 -13.5
1.583 -13.5
1.584 -13.5
1.585 -13.4
1.586 -13.4
1.587 -13.3
1.588 -13.3
1.589 -13.2
1.59 -13.2
1.591 -13.1
1.592 -13.0
1.593 -13.0
1.594 -12.9
1.595 -12.8
1.596 -12.7
1.597 -12.6
1.598 -12.5
1.599 -12.4
1.6 -12.3
1.601 -12.2
1.602 -12.1
1.603 -12.0
1.604 -11.8
1.605 -11.7
1.606 -11.6
1.607 -11.4
1.608 -11.3
1.609 -11.2
1.61 -11.0
1.611 -10.9
1.612 -10.7
1.613 -10.6
1.614 -10.4
1.615 -10.2
1.616 -10.1
1.617 -9.9
1.618 -9.7
1.619 -9.5
1.62 -9.4
1.621 -9.2
1.622 -9.0
1.623 -8.8
1.624 -8.6
1.625 -8.5
1.626 -8.3
1.627 -8.1
1.628 -7.9
1.629 -7.7
1.63 -7.5
1.631 -7.4
1.632 -7.1
1.633 -6.9
1.634 -6.7
1.635 -6.5
1.636 -6.4
1.637 -6.1
1.638 -6.0
1.639 -5.8
1.64 -5.5
1.641 -5.4
1.642 -5.2
1.643 -5.0
1.644 -4.8
1.645 -4.6
1.646 -4.5
1.647 -4.3
1.648 -4.1
1.649 -4.0
1.65 -3.8
1.651 -3.7
1.652 -3.6
1.653 -3.4
1.654 -3.3
1.655 -3.3
1.656 -3.2
1.657 -3.1
1.658 -3.1
1.659 -3.1
1.66 -3.1
1.661 -3.1
1.662 -3.1
1.663 -3.1
1.664 -3.1
1.665 -3.2
1.666 -3.3
1.667 -3.4
1.668 -3.5
1.669 -3.6
1.67 -3.7
1.671 -3.9
1.672 -4.0
1.673 -4.2
1.674 -4.3
1.675 -4.5
1.676 -4.7
1.677 -4.8
1.678 -5.0
1.679 -5.2
1.68 -5.4
1.681 -5.7
1.682 -5.8
1.683 -6.0
1.684 -6.3
1.685 -6.5
1.686 -6.7
1.687 -6.9
1.688 -7.1
1.689 -7.4
1.69 -7.6
1.691 -7.8
1.692 -8.0
1.693 -8.2
1.694 -8.4
1.695 -8.6
1.696 -8.8
1.697 -9.1
1.698 -9.3
1.699 -9.5
1.7 -9.7
1.701 -9.9
1.702 -10.1
1.703 -10.3
1.704 -10.5
1.705 -10.7
1.706 -10.9
1.707 -11.1
1.708 -11.3
1.709 -11.5
1.71 -11.6
1.711 -11.8
1.712 -12.0
1.713 -12.1
1.714 -12.3
1.715 -12.5
1.716 -12.6
1.717 -12.8
1.718 -12.9
1.719 -13.1
1.72 -13.2
1.721 -13.3
1.722 -13.4
1.723 -13.6
1.724 -13.7
1.725 -13.8
1.726 -13.9
1.727 -14.0
1.728 -14.1
1.729 -14.1
1.73 -14.2
1.731 -14.3
1.732 -14.3
1.733 -14.4
1.734 -14.5
1.735 -14.5
1.736 -14.5
1.737 -14.6
1.738 -14.6
1.739 -14.6
1.74 -14.6
1.741 -14.6
1.742 -14.7
1.743 -14.6
1.744 -14.6
1.745 -14.6
1.746 -14.6
1.747 -14.6
1.748 -14.6
1.749 -14.6
1.75 -14.5
1.751 -14.5
1.752 -14.4
1.753 -14.3
1.754 -14.3
1.755 -14.2
1.756 -14.1
1.757 -14.0
1.758 -13.9
1.759 -13.8
1.76 -13.7
1.761 -13.6
1.762 -13.5
1.763 -13.4
1.764 -13.2
1.765 -13.1
1.766 -13.0
1.767 -12.8
1.768 -12.6
1.769 -12.5
1.77 -12.3
1.771 -12.1
1.772 -11.9
1.773 -11.7
1.774 -11.6
1.775 -11.3
1.776 -11.1
1.777 -10.9
1.778 -10.7
1.779 -10.5
1.78 -10.2
1.781 -10.0
1.782 -9.8
1.783 -9.5
1.784 -9.3
1.785 -9.1
1.786 -8.8
1.787 -8.6
1.788 -8.3
1.789 -8.1
1.79 -7.8
1.791 -7.6
1.792 -7.3
1.793 -7.0
1.794 -6.8
1.795 -6.5
1.796 -6.3
1.797 -6.0
1.798 -5.7
1.799 -5.5
1.8 -5.2
1.801 -5.0
1.802 -4.8
1.803 -4.5
1.804 -4.3
1.805 -4.1
1.806 -3.8
1.807 -3.6
1.808 -3.4
1.809 -3.2
1.81 -3.1
1.811 -2.9
1.812 -2.8
1.813 -2.7
1.814 -2.6
1.815 -2.5
1.816 -2.4
1.817 -2.4
1.818 -2.4
1.819 -2.4
1.82 -2.4
1.821 -2.4
1.822 -2.4
1.823 -2.5
1.824 -2.6
1.825 -2.7
1.826 -2.8
1.827 -2.9
1.828 -3.1
1.829 -3.2
1.83 -3.4
1.831 -3.6
1.832 -3.8
1.833 -4.0
1.834 -4.2
1.835 -4.4
1.836 -4.6
1.837 -4.9
1.838 -5.1
1.839 -5.3
1.84 -5.5
1.841 -5.8
1.842 -6.0
1.843 -6.3
1.844 -6.5
1.845 -6.7
1.846 -7.0
1.847 -7.2
1.848 -7.5
1.849 -7.7
1.85 -7.9
1.851 -8.2
1.852 -8.4
1.853 -8.6
1.854 -8.9
1.855 -9.1
1.856 -9.3
1.857 -9.5
1.858 -9.8
1.859 -10.0
1.86 -10.2
1.861 -10.4
1.862 -10.6
1.863 -10.8
1.864 -11.0
1.865 -11.2
1.866 -11.4
1.867 -11.6
1.868 -11.8
1.869 -12.0
1.87 -12.2
1.871 -12.3
1.872 -12.5
1.873 -12.7
1.874 -12.9
1.875 -13.0
1.876 -13.2
1.877 -13.3
1.878 -13.5
1.879 -13.6
1.88 -13.8
1.881 -13.9
1.882 -14.0
1.883 -14.1
1.884 -14.2
1.885 -14.3
1.886 -14.5
1.887 -14.5
1.888 -14.6
1.889 -14.7
1.89 -14.8
1.891 -14.9
1.892 -14.9
1.893 -15.0
1.894 -15.0
1.895 -15.1
1.896 -15.1
1.897 -15.2
1.898 -15.2
1.899 -15.2
1.9 -15.2
1.901 -15.2
1.902 -15.2
1.903 -15.2
1.904 -15.2
1.905 -15.2
1.906 -15.2
1.907 -15.2
1.908 -15.1
1.909 -15.1
1.91 -15.0
1.911 -15.0
1.912 -15.0
1.913 -14.9
1.914 -14.8
1.915 -14.8
1.916 -14.7
1.917 -14.6
1.918 -14.5
1.919 -14.3
1.92 -14.2
1.921 -14.1
1.922 -14.0
1.923 -13.9
1.924 -13.7
1.925 -13.6
1.926 -13.4
1.927 -13.3
1.928 -13.1
1.929 -12.9
1.93 -12.7
1.931 -12.6
1.932 -12.3
1.933 -12.2
1.934 -12.0
1.935 -11.8
1.936 -11.5
1.937 -11.3
1.938 -11.1
1.939 -10.8
1.94 -10.6
1.941 -10.4
1.942 -10.1
1.943 -9.8
1.944 -9.6
1.945 -9.3
1.946 -9.0
1.947 -8.8
1.948 -8.5
1.949 -8.2
1.95 -7.9
1.951 -7.6
1.952 -7.4
1.953 -7.1
1.954 -6.8
1.955 -6.5
1.956 -6.2
1.957 -5.9
1.958 -5.6
1.959 -5.3
1.96 -5.0
1.961 -4.7
1.962 -4.5
1.963 -4.2
1.964 -3.9
1.965 -3.7
1.966 -3.4
1.967 -3.2
1.968 -3.0
1.969 -2.8
1.97 -2.6
1.971 -2.4
1.972 -2.3
1.973 -2.1
1.974 -2.1
1.975 -2.0
1.976 -1.9
1.977 -1.9
1.978 -1.9
1.979 -1.9
1.98 -1.9
1.981 -1.9
1.982 -2.0
1.983 -2.1
1.984 -2.2
1.985 -2.4
1.986 -2.6
1.987 -2.7
1.988 -2.9
1.989 -3.1
1.99 -3.4
1.991 -3.6
1.992 -3.8
1.993 -4.1
1.994 -4.3
1.995 -4.6
1.996 -4.9
1.997 -5.2
1.998 -5.4
1.999 -5.7
2.0 -6.0
2.001 -6.2
2.002 -6.5
2.003 -6.8
2.004 -7.1
2.005 -7.4
2.006 -7.6
2.007 -7.9
2.008 -8.1
2.009 -8.4
2.01 -8.6
2.011 -8.9
2.012 -9.2
2.013 -9.4
2.014 -9.6
2.015 -9.9
2.016 -10.1
2.017 -10.3
2.018 -10.5
2.019 -10.7
2.02 -11.0
2.021 -11.2
2.022 -11.4
2.023 -11.6
2.024 -11.8
2.025 -12.0
2.026 -12.2
2.027 -12.3
2.028 -12.5
2.029 -12.7
2.03 -12.9
2.031 -13.0
2.032 -13.2
2.033 -13.4
2.034 -13.5
2.035 -13.7
2.036 -13.8
2.037 -13.9
2.038 -14.1
2.039 -14.2
2.04 -14.3
2.041 -14.4
2.042 -14.5
2.043 -14.6
2.044 -14.7
2.045 -14.8
2.046 -14.9
2.047 -15.0
2.048 -15.0
2.049 -15.1
2.05 -15.1
2.051 -15.2
2.052 -15.2
2.053 -15.3
2.054 -15.3
2.055 -15.4
2.056 -15.4
2.057 -15.4
2.058 -15.4
2.059 -15.4
2.06 -15.4
2.061 -15.4
2.062 -15.4
2.063 -15.3
2.064 -15.3
2.065 -15.2
2.066 -15.2
2.067 -15.1
2.068 -15.1
2.069 -15.0
2.07 -14.9
2.071 -14.8
2.072 -14.8
2.073 -14.7
2.074 -14.5
2.075 -14.4
2.076 -14.3
2.077 -14.2
2.078 -14.0
2.079 -13.9
2.08 -13.7
2.081 -13.6
2.082 -13.4
2.083 -13.2
2.084 -13.0
2.085 -12.9
2.086 -12.7
2.087 -12.5
2.088 -12.2
2.089 -12.0
2.09 -11.8
2.091 -11.5
2.092 -11.3
2.093 -11.1
2.094 -10.8
2.095 -10.5
2.096 -10.2
2.097 -10.0
2.098 -9.7
2.099 -9.4
2.1 -9.1
2.101 -8.9
2.102 -8.6
2.103 -8.3
2.104 -7.9
2.105 -7.6
2.106 -7.3
2.107 -7.0
2.108 -6.7
2.109 -6.4
2.11 -6.0
2.111 -5.7
2.112 -5.4
2.113 -5.0
2.114 -4.7
2.115 -4.4
2.116 -4.1
2.117 -3.8
2.118 -3.5
2.119 -3.2
2.12 -2.9
2.121 -2.7
2.122 -2.4
2.123 -2.2
2.124 -2.0
2.125 -1.8
2.126 -1.6
2.127 -1.5
2.128 -1.4
2.129 -1.3
2.13 -1.2
2.131 -1.2
2.132 -1.2
2.133 -1.2
2.134 -1.2
2.135 -1.3
2.136 -1.4
2.137 -1.5
2.138 -1.7
2.139 -1.9
2.14 -2.1
2.141 -2.3
2.142 -2.5
2.143 -2.7
2.144 -3.0
2.145 -3.3
2.146 -3.6
2.147 -3.9
2.148 -4.2
2.149 -4.5
2.15 -4.8
2.151 -5.1
2.152 -5.4
2.153 -5.7
2.154 -6.0
2.155 -6.4
2.156 -6.7
2.157 -7.0
2.158 -7.3
2.159 -7.6
2.16 -7.9
2.161 -8.3
2.162 -8.6
2.163 -8.9
2.164 -9.2
2.165 -9.5
2.166 -9.7
2.167 -10.0
2.168 -10.3
2.169 -10.6
2.17 -10.9
2.171 -11.2
2.172 -11.4
2.173 -11.7
2.174 -11.9
2.175 -12.2
2.176 -12.5
2.177 -12.7
2.178 -12.9
2.179 -13.2
2.18 -13.4
2.181 -13.6
2.182 -13.8
2.183 -14.0
2.184 -14.2
2.185 -14.4
2.186 -14.6
2.187 -14.8
2.188 -15.0
2.189 -15.2
2.19 -15.4
2.191 -15.5
2.192 -15.7
2.193 -15.8
2.194 -16.0
2.195 -16.1
2.196 -16.2
2.197 -16.3
2.198 -16.5
2.199 -16.6
2.2 -16.7
2.201 -16.7
2.202 -16.8
2.203 -16.9
2.204 -17.0
2.205 -17.0
2.206 -17.0
2.207 -17.1
2.208 -17.1
2.209 -17.1
2.21 -17.0
2.211 -17.0
2.212 -17.0
2.213 -17.0
2.214 -16.9
2.215 -16.9
2.216 -16.8
2.217 -16.7
2.218 -16.6
2.219 -16.5
2.22 -16.4
2.221 -16.3
2.222 -16.1
2.223 -16.0
2.224 -15.8
2.225 -15.6
2.226 -15.5
2.227 -15.3
2.228 -15.1
2.229 -14.9
2.23 -14.7
2.231 -14.5
2.232 -14.3
2.233 -14.1
2.234 -13.9
2.235 -13.6
2.236 -13.4
2.237 -13.1
2.238 -12.9
2.239 -12.6
2.24 -12.3
2.241 -12.1
2.242 -11.8
2.243 -11.5
2.244 -11.2
2.245 -10.9
2.246 -10.6
2.247 -10.2
2.248 -9.9
2.249 -9.5
2.25 -9.2
2.251 -8.8
2.252 -8.5
2.253 -8.1
2.254 -7.8
2.255 -7.4
2.256 -7.0
2.257 -6.7
2.258 -6.3
2.259 -5.9
2.26 -5.5
2.261 -5.2
2.262 -4.8
2.263 -4.4
2.264 -4.1
2.265 -3.7
2.266 -3.4
2.267 -3.0
2.268 -2.7
2.269 -2.4
2.27 -2.1
2.271 -1.8
2.272 -1.6
2.273 -1.4
2.274 -1.2
2.275 -1.0
2.276 -0.9
2.277 -0.7
2.278 -0.7
2.279 -0.6
2.28 -0.6
2.281 -0.6
2.282 -0.6
2.283 -0.7
2.284 -0.8
2.285 -0.9
2.286 -1.1
2.287 -1.2
2.288 -1.5
2.289 -1.7
2.29 -1.9
2.291 -2.2
2.292 -2.5
2.293 -2.8
2.294 -3.1
2.295 -3.4
2.296 -3.8
2.297 -4.1
2.298 -4.5
2.299 -4.8
2.3 -5.2
2.301 -5.5
2.302 -5.9
2.303 -6.2
2.304 -6.6
2.305 -6.9
2.306 -7.3
2.307 -7.6
2.308 -8.0
2.309 -8.3
2.31 -8.6
2.311 -9.0
2.312 -9.3
2.313 -9.7
2.314 -10.0
2.315 -10.3
2.316 -10.6
2.317 -10.9
2.318 -11.2
2.319 -11.5
2.32 -11.8
2.321 -12.1
2.322 -12.4
2.323 -12.7
2.324 -12.9
2.325 -13.2
2.326 -13.5
2.327 -13.7
2.328 -14.0
2.329 -14.3
2.33 -14.5
2.331 -14.7
2.332 -14.9
2.333 -15.2
2.334 -15.4
2.335 -15.6
2.336 -15.8
2.337 -16.0
2.338 -16.2
2.339 -16.3
2.34 -16.5
2.341 -16.7
2.342 -16.9
2.343 -17.0
2.344 -17.1
2.345 -17.3
2.346 -17.4
2.347 -17.5
2.348 -17.6
2.349 -17.7
2.35 -17.7
2.351 -17.8
2.352 -17.8
2.353 -17.8
2.354 -17.8
2.355 -17.8
2.356 -17.8
2.357 -17.8
2.358 -17.7
2.359 -17.6
2.36 -17.6
2.361 -17.4
2.362 -17.4
2.363 -17.2
2.364 -17.1
2.365 -17.0
2.366 -16.8
2.367 -16.7
2.368 -16.5
2.369 -16.3
2.37 -16.2
2.371 -16.0
2.372 -15.8
2.373 -15.6
2.374 -15.4
2.375 -15.2
2.376 -15.0
2.377 -14.7
2.378 -14.5
2.379 -14.3
2.38 -14.0
2.381 -13.8
2.382 -13.5
2.383 -13.2
2.384 -13.0
2.385 -12.7
2.386 -12.4
2.387 -12.1
2.388 -11.8
2.389 -11.5
2.39 -11.1
2.391 -10.8
2.392 -10.5
2.393 -10.2
2.394 -9.8
2.395 -9.5
2.396 -9.1
2.397 -8.7
2.398 -8.3
2.399 -7.9
2.4 -7.5
2.401 -7.1
2.402 -6.7
2.403 -6.4
2.404 -5.9
2.405 -5.5
2.406 -5.2
2.407 -4.8
2.408 -4.3
2.409 -4.0
2.41 -3.6
2.411 -3.2
2.412 -2.8
2.413 -2.5
2.414 -2.2
2.415 -1.9
2.416 -1.6
2.417 -1.3
2.418 -1.0
2.419 -0.8
2.42 -0.6
2.421 -0.5
2.422 -0.4
2.423 -0.3
2.424 -0.3
2.425 -0.2
2.426 -0.3
2.427 -0.3
2.428 -0.4
2.429 -0.5
2.43 -0.7
2.431 -0.9
2.432 -1.1
2.433 -1.3
2.434 -1.6
2.435 -1.9
2.436 -2.2
2.437 -2.5
2.438 -2.8
2.439 -3.2
2.44 -3.5
2.441 -3.9
2.442 -4.3
2.443 -4.7
2.444 -5.1
2.445 -5.5
2.446 -5.9
2.447 -6.2
2.448 -6.6
2.449 -7.0
2.45 -7.4
2.451 -7.8
2.452 -8.2
2.453 -8.5
2.454 -8.9
2.455 -9.3
2.456 -9.7
2.457 -10.0
2.458 -10.4
2.459 -10.7
2.46 -11.1
2.461 -11.4
2.462 -11.8
2.463 -12.1
2.464 -12.5
2.465 -12.8
2.466 -13.1
2.467 -13.4
2.468 -13.7
2.469 -14.0
2.47 -14.3
2.471 -14.6
2.472 -14.9
2.473 -15.2
2.474 -15.4
2.475 -15.7
2.476 -15.9
2.477 -16.2
2.478 -16.4
2.479 -16.7
2.48 -16.9
2.481 -17.1
2.482 -17.3
2.483 -17.5
2.484 -17.7
2.485 -17.8
2.486 -18.0
2.487 -18.1
2.488 -18.2
2.489 -18.3
2.49 -18.5
2.491 -18.5
2.492 -18.5
2.493 -18.6
2.494 -18.6
2.495 -18.6
2.496 -18.6
2.497 -18.6
2.498 -18.5
2.499 -18.5
2.5 -18.4
2.501 -18.3
2.502 -18.2
2.503 -18.1
2.504 -17.9
2.505 -17.8
2.506 -17.6
2.507 -17.4
2.508 -17.2
2.509 -17.0
2.51 -16.8
2.511 -16.6
2.512 -16.4
2.513 -16.1
2.514 -15.9
2.515 -15.6
2.516 -15.4
2.517 -15.1
2.518 -14.8
2.519 -14.5
2.52 -14.3
2.521 -13.9
2.522 -13.7
2.523 -13.4
2.524 -13.0
2.525 -12.7
2.526 -12.4
2.527 -12.0
2.528 -11.6
2.529 -11.3
2.53 -10.9
2.531 -10.5
2.532 -10.2
2.533 -9.8
2.534 -9.3
2.535 -9.0
2.536 -8.5
2.537 -8.1
2.538 -7.7
2.539 -7.2
2.54 -6.8
2.541 -6.4
2.542 -5.9
2.543 -5.5
2.544 -5.1
2.545 -4.6
2.546 -4.2
2.547 -3.8
2.548 -3.4
2.549 -2.9
2.55 -2.6
2.551 -2.2
2.552 -1.8
2.553 -1.4
2.554 -1.1
2.555 -0.8
2.556 -0.5
2.557 -0.3
2.558 -0.1
2.559 0.1
2.56 0.2
2.561 0.4
2.562 0.4
2.563 0.5
2.564 0.5
2.565 0.4
2.566 0.3
2.567 0.2
2.568 0.1
2.569 -0.1
2.57 -0.3
2.571 -0.5
2.572 -0.8
2.573 -1.0
2.574 -1.4
2.575 -1.7
2.576 -2.0
2.577 -2.4
2.578 -2.8
2.579 -3.1
2.58 -3.6
2.581 -4.0
2.582 -4.4
2.583 -4.8
2.584 -5.2
2.585 -5.6
2.586 -6.0
2.587 -6.5
2.588 -6.9
2.589 -7.3
2.59 -7.7
2.591 -8.1
2.592 -8.5
2.593 -8.9
2.594 -9.3
2.595 -9.7
2.596 -10.1
2.597 -10.5
2.598 -10.9
2.599 -11.2
2.6 -11.6
2.601 -12.0
2.602 -12.3
2.603 -12.7
2.604 -13.0
2.605 -13.4
2.606 -13.7
2.607 -14.1
2.608 -14.4
2.609 -14.7
2.61 -15.0
2.611 -15.3
2.612 -15.6
2.613 -15.9
2.614 -16.2
2.615 -16.5
2.616 -16.7
2.617 -17.0
2.618 -17.3
2.619 -17.5
2.62 -17.8
2.621 -18.0
2.622 -18.2
2.623 -18.4
2.624 -18.5
2.625 -18.7
2.626 -18.9
2.627 -19.0
2.628 -19.1
2.629 -19.3
2.63 -19.3
2.631 -19.4
2.632 -19.5
2.633 -19.5
2.634 -19.5
2.635 -19.5
2.636 -19.5
2.637 -19.5
2.638 -19.4
2.639 -19.3
2.64 -19.2
2.641 -19.1
2.642 -19.0
2.643 -18.9
2.644 -18.7
2.645 -18.6
2.646 -18.4
2.647 -18.2
2.648 -18.0
2.649 -17.8
2.65 -17.6
2.651 -17.3
2.652 -17.0
2.653 -16.7
2.654 -16.5
2.655 -16.2
2.656 -15.9
2.657 -15.6
2.658 -15.3
2.659 -15.0
2.66 -14.7
2.661 -14.3
2.662 -14.0
2.663 -13.6
2.664 -13.3
2.665 -12.9
2.666 -12.5
2.667 -12.2
2.668 -11.8
2.669 -11.4
2.67 -11.0
2.671 -10.6
2.672 -10.2
2.673 -9.7
2.674 -9.3
2.675 -8.9
2.676 -8.4
2.677 -7.9
2.678 -7.5
2.679 -7.0
2.68 -6.5
2.681 -6.0
2.682 -5.5
2.683 -5.0
2.684 -4.6
2.685 -4.1
2.686 -3.6
2.687 -3.1
2.688 -2.7
2.689 -2.2
2.69 -1.8
2.691 -1.4
2.692 -1.0
2.693 -0.7
2.694 -0.3
2.695 0.0
2.696 0.3
2.697 0.5
2.698 0.7
2.699 0.9
2.7 1.0
2.701 1.0
2.702 1.0
2.703 1.0
2.704 1.0
2.705 0.9
2.706 0.7
2.707 0.5
2.708 0.3
2.709 0.0
2.71 -0.3
2.711 -0.6
2.712 -1.0
2.713 -1.4
2.714 -1.7
2.715 -2.1
2.716 -2.6
2.717 -3.0
2.718 -3.4
2.719 -3.9
2.72 -4.4
2.721 -4.8
2.722 -5.3
2.723 -5.8
2.724 -6.2
2.725 -6.7
2.726 -7.2
2.727 -7.6
2.728 -8.1
2.729 -8.6
2.73 -9.0
2.731 -9.4
2.732 -9.9
2.733 -10.3
2.734 -10.7
2.735 -11.2
2.736 -11.6
2.737 -12.0
2.738 -12.4
2.739 -12.8
2.74 -13.2
2.741 -13.6
2.742 -14.0
2.743 -14.4
2.744 -14.8
2.745 -15.1
2.746 -15.5
2.747 -15.9
2.748 -16.2
2.749 -16.6
2.75 -16.9
2.751 -17.2
2.752 -17.5
2.753 -17.8
2.754 -18.1
2.755 -18.4
2.756 -18.6
2.757 -18.9
2.758 -19.1
2.759 -19.3
2.76 -19.5
2.761 -19.6
2.762 -19.8
2.763 -19.9
2.764 -20.0
2.765 -20.0
2.766 -20.1
2.767 -20.1
2.768 -20.2
2.769 -20.2
2.77 -20.1
2.771 -20.1
2.772 -20.0
2.773 -20.0
2.774 -19.8
2.775 -19.7
2.776 -19.6
2.777 -19.4
2.778 -19.3
2.779 -19.1
2.78 -18.9
2.781 -18.7
2.782 -18.5
2.783 -18.2
2.784 -18.0
2.785 -17.7
2.786 -17.5
2.787 -17.2
2.788 -16.9
2.789 -16.6
2.79 -16.3
2.791 -16.0
2.792 -15.7
2.793 -15.3
2.794 -15.0
2.795 -14.6
2.796 -14.3
2.797 -13.9
2.798 -13.5
2.799 -13.1
2.8 -12.7
2.801 -12.3
2.802 -11.9
2.803 -11.4
2.804 -11.0
2.805 -10.5
2.806 -10.0
2.807 -9.5
2.808 -9.0
2.809 -8.6
2.81 -8.1
2.811 -7.5
2.812 -7.0
2.813 -6.5
2.814 -6.0
2.815 -5.4
2.816 -4.9
2.817 -4.4
2.818 -3.9
2.819 -3.4
2.82 -2.9
2.821 -2.4
2.822 -1.9
2.823 -1.4
2.824 -1.0
2.825 -0.5
2.826 -0.2
2.827 0.2
2.828 0.5
2.829 0.8
2.83 1.1
2.831 1.4
2.832 1.5
2.833 1.7
2.834 1.8
2.835 1.8
2.836 1.8
2.837 1.8
2.838 1.7
2.839 1.5
2.84 1.4
2.841 1.2
2.842 0.9
2.843 0.7
2.844 0.3
2.845 0.0
2.846 -0.4
2.847 -0.8
2.848 -1.2
2.849 -1.6
2.85 -2.1
2.851 -2.6
2.852 -3.1
2.853 -3.5
2.854 -4.0
2.855 -4.5
2.856 -5.0
2.857 -5.5
2.858 -6.0
2.859 -6.5
2.86 -6.9
2.861 -7.4
2.862 -7.9
2.863 -8.4
2.864 -8.8
2.865 -9.3
2.866 -9.7
2.867 -10.2
2.868 -10.7
2.869 -11.1
2.87 -11.5
2.871 -12.0
2.872 -12.4
2.873 -12.8
2.874 -13.2
2.875 -13.6
2.876 -14.0
2.877 -14.4
2.878 -14.8
2.879 -15.2
2.88 -15.5
2.881 -15.9
2.882 -16.2
2.883 -16.6
2.884 -16.9
2.885 -17.2
2.886 -17.5
2.887 -17.8
2.888 -18.1
2.889 -18.4
2.89 -18.7
2.891 -18.9
2.892 -19.2
2.893 -19.4
2.894 -19.6
2.895 -19.8
2.896 -20.0
2.897 -20.2
2.898 -20.3
2.899 -20.5
2.9 -20.6
2.901 -20.6
2.902 -20.7
2.903 -20.8
2.904 -20.8
2.905 -20.8
2.906 -20.8
2.907 -20.8
2.908 -20.7
2.909 -20.6
2.91 -20.6
2.911 -20.4
2.912 -20.3
2.913 -20.2
2.914 -20.0
2.915 -19.8
2.916 -19.6
2.917 -19.4
2.918 -19.2
2.919 -19.0
2.92 -18.7
2.921 -18.4
2.922 -18.1
2.923 -17.8
2.924 -17.6
2.925 -17.2
2.926 -16.9
2.927 -16.6
2.928 -16.3
2.929 -15.9
2.93 -15.5
2.931 -15.2
2.932 -14.8
2.933 -14.4
2.934 -14.0
2.935 -13.6
2.936 -13.2
2.937 -12.8
2.938 -12.3
2.939 -11.9
2.94 -11.4
2.941 -10.9
2.942 -10.4
2.943 -9.9
2.944 -9.4
2.945 -8.9
2.946 -8.3
2.947 -7.8
2.948 -7.2
2.949 -6.7
2.95 -6.1
2.951 -5.5
2.952 -5.0
2.953 -4.4
2.954 -3.8
2.955 -3.2
2.956 -2.7
2.957 -2.1
2.958 -1.6
2.959 -1.0
2.96 -0.6
2.961 -0.1
2.962 0.4
2.963 0.8
2.964 1.2
2.965 1.5
2.966 1.8
2.967 2.1
2.968 2.2
2.969 2.4
2.97 2.4
2.971 2.4
2.972 2.4
2.973 2.4
2.974 2.2
2.975 2.0
2.976 1.8
2.977 1.5
2.978 1.2
2.979 0.9
2.98 0.5
2.981 0.1
2.982 -0.4
2.983 -0.9
2.984 -1.4
2.985 -1.9
2.986 -2.4
2.987 -2.9
2.988 -3.4
2.989 -4.0
2.99 -4.6
2.991 -5.1
2.992 -5.7
2.993 -6.2
2.994 -6.8
2.995 -7.3
2.996 -7.9
2.997 -8.4
2.998 -9.0
2.999 -9.5
3.0 -10.0
3.001 -10.5
3.002 -11.0
3.003 -11.5
3.004 -12.0
3.005 -12.5
3.006 -13.0
3.007 -13.5
3.008 -14.0
3.009 -14.4
3.01 -14.9
3.011 -15.3
3.012 -15.7
3.013 -16.2
3.014 -16.6
3.015 -17.0
3.016 -17.4
3.017 -17.8
3.018 -18.1
3.019 -18.5
3.02 -18.9
3.021 -19.2
3.022 -19.5
3.023 -19.8
3.024 -20.1
3.025 -20.4
3.026 -20.6
3.027 -20.8
3.028 -21.0
3.029 -21.1
3.03 -21.2
3.031 -21.3
3.032 -21.4
3.033 -21.5
3.034 -21.5
3.035 -21.5
3.036 -21.5
3.037 -21.5
3.038 -21.5
3.039 -21.4
3.04 -21.3
3.041 -21.2
3.042 -21.1
3.043 -21.0
3.044 -20.8
3.045 -20.7
3.046 -20.5
3.047 -20.2
3.048 -20.0
3.049 -19.7
3.05 -19.5
3.051 -19.2
3.052 -18.9
3.053 -18.6
3.054 -18.3
3.055 -18.0
3.056 -17.7
3.057 -17.4
3.058 -17.0
3.059 -16.7
3.06 -16.3
3.061 -15.9
3.062 -15.5
3.063 -15.1
3.064 -14.6
3.065 -14.2
3.066 -13.7
3.067 -13.3
3.068 -12.8
3.069 -12.3
3.07 -11.8
3.071 -11.3
3.072 -10.8
3.073 -10.3
3.074 -9.8
3.075 -9.3
3.076 -8.7
3.077 -8.2
3.078 -7.6
3.079 -7.0
3.08 -6.5
3.081 -5.9
3.082 -5.3
3.083 -4.8
3.084 -4.2
3.085 -3.7
3.086 -3.1
3.087 -2.6
3.088 -2.0
3.089 -1.5
3.09 -1.0
3.091 -0.5
3.092 -0.1
3.093 0.4
3.094 0.7
3.095 1.1
3.096 1.5
3.097 1.8
3.098 2.0
3.099 2.2
3.1 2.4
3.101 2.5
3.102 2.6
3.103 2.7
3.104 2.6
3.105 2.6
3.106 2.5
3.107 2.3
3.108 2.1
3.109 1.9
3.11 1.6
3.111 1.4
3.112 1.0
3.113 0.7
3.114 0.2
3.115 -0.2
3.116 -0.7
3.117 -1.1
3.118 -1.6
3.119 -2.1
3.12 -2.6
3.121 -3.2
3.122 -3.7
3.123 -4.2
3.124 -4.8
3.125 -5.3
3.126 -5.9
3.127 -6.4
3.128 -6.9
3.129 -7.5
3.13 -8.0
3.131 -8.5
3.132 -9.0
3.133 -9.5
3.134 -10.0
3.135 -10.5
3.136 -11.0
3.137 -11.5
3.138 -12.0
3.139 -12.5
3.14 -13.0
3.141 -13.4
3.142 -13.9
3.143 -14.3
3.144 -14.8
3.145 -15.2
3.146 -15.6
3.147 -16.1
3.148 -16.5
3.149 -16.8
3.15 -17.2
3.151 -17.6
3.152 -18.0
3.153 -18.3
3.154 -18.7
3.155 -19.1
3.156 -19.4
3.157 -19.7
3.158 -20.0
3.159 -20.3
3.16 -20.5
3.161 -20.7
3.162 -20.9
3.163 -21.1
3.164 -21.3
3.165 -21.4
3.166 -21.6
3.167 -21.6
3.168 -21.7
3.169 -21.8
3.17 -21.8
3.171 -21.8
3.172 -21.8
3.173 -21.8
3.174 -21.8
3.175 -21.7
3.176 -21.6
3.177 -21.4
3.178 -21.3
3.179 -21.2
3.18 -21.0
3.181 -20.8
3.182 -20.6
3.183 -20.3
3.184 -20.1
3.185 -19.8
3.186 -19.5
3.187 -19.1
3.188 -18.8
3.189 -18.5
3.19 -18.2
3.191 -17.8
3.192 -17.4
3.193 -17.1
3.194 -16.7
3.195 -16.3
3.196 -15.9
3.197 -15.4
3.198 -15.0
3.199 -14.5
3.2 -14.1
3.201 -13.6
3.202 -13.1
3.203 -12.6
3.204 -12.1
3.205 -11.6
3.206 -11.1
3.207 -10.5
3.208 -10.0
3.209 -9.4
3.21 -8.9
3.211 -8.3
3.212 -7.7
3.213 -7.1
3.214 -6.5
3.215 -5.9
3.216 -5.3
3.217 -4.7
3.218 -4.0
3.219 -3.4
3.22 -2.8
3.221 -2.2
3.222 -1.6
3.223 -1.0
3.224 -0.5
3.225 0.0
3.226 0.5
3.227 1.0
3.228 1.5
3.229 1.9
3.23 2.2
3.231 2.6
3.232 2.9
3.233 3.1
3.234 3.2
3.235 3.3
3.236 3.4
3.237 3.4
3.238 3.3
3.239 3.2
3.24 3.1
3.241 2.9
3.242 2.6
3.243 2.2
3.244 1.9
3.245 1.5
3.246 1.1
3.247 0.6
3.248 0.1
3.249 -0.4
3.25 -0.9
3.251 -1.5
3.252 -2.1
3.253 -2.6
3.254 -3.3
3.255 -3.8
3.256 -4.4
3.257 -5.0
3.258 -5.6
3.259 -6.2
3.26 -6.8
3.261 -7.4
3.262 -8.0
3.263 -8.6
3.264 -9.1
3.265 -9.7
3.266 -10.3
3.267 -10.8
3.268 -11.4
3.269 -11.9
3.27 -12.5
3.271 -13.0
3.272 -13.5
3.273 -14.0
3.274 -14.5
3.275 -15.0
3.276 -15.5
3.277 -16.0
3.278 -16.5
3.279 -16.9
3.28 -17.4
3.281 -17.8
3.282 -18.2
3.283 -18.6
3.284 -19.0
3.285 -19.4
3.286 -19.8
3.287 -20.2
3.288 -20.5
3.289 -20.8
3.29 -21.1
3.291 -21.4
3.292 -21.6
3.293 -21.8
3.294 -22.0
3.295 -22.1
3.296 -22.2
3.297 -22.3
3.298 -22.4
3.299 -22.5
3.3 -22.5
3.301 -22.5
3.302 -22.5
3.303 -22.5
3.304 -22.5
3.305 -22.4
3.306 -22.3
3.307 -22.2
3.308 -22.0
3.309 -21.9
3.31 -21.7
3.311 -21.5
3.312 -21.3
3.313 -21.1
3.314 -20.8
3.315 -20.5
3.316 -20.2
3.317 -19.9
3.318 -19.6
3.319 -19.2
3.32 -18.8
3.321 -18.5
3.322 -18.1
3.323 -17.7
3.324 -17.3
3.325 -16.9
3.326 -16.5
3.327 -16.0
3.328 -15.6
3.329 -15.1
3.33 -14.6
3.331 -14.1
3.332 -13.6
3.333 -13.1
3.334 -12.6
3.335 -12.1
3.336 -11.6
3.337 -11.0
3.338 -10.4
3.339 -9.9
3.34 -9.3
3.341 -8.8
3.342 -8.1
3.343 -7.6
3.344 -7.0
3.345 -6.4
3.346 -5.8
3.347 -5.2
3.348 -4.6
3.349 -4.0
3.35 -3.4
3.351 -2.8
3.352 -2.2
3.353 -1.7
3.354 -1.1
3.355 -0.6
3.356 -0.1
3.357 0.4
3.358 0.8
3.359 1.3
3.36 1.7
3.361 2.0
3.362 2.4
3.363 2.7
3.364 2.9
3.365 3.1
3.366 3.2
3.367 3.3
3.368 3.4
3.369 3.4
3.37 3.4
3.371 3.3
3.372 3.1
3.373 2.9
3.374 2.7
3.375 2.4
3.376 2.1
3.377 1.7
3.378 1.4
3.379 0.9
3.38 0.5
3.381 0.0
3.382 -0.5
3.383 -1.0
3.384 -1.6
3.385 -2.1
3.386 -2.7
3.387 -3.3
3.388 -3.9
3.389 -4.4
3.39 -5.0
3.391 -5.6
3.392 -6.2
3.393 -6.8
3.394 -7.4
3.395 -7.9
3.396 -8.5
3.397 -9.1
3.398 -9.6
3.399 -10.2
3.4 -10.7
3.401 -11.3
3.402 -11.8
3.403 -12.3
3.404 -12.9
3.405 -13.4
3.406 -13.9
3.407 -14.4
3.408 -14.9
3.409 -15.4
3.41 -15.9
3.411 -16.3
3.412 -16.8
3.413 -17.2
3.414 -17.7
3.415 -18.1
3.416 -18.5
3.417 -18.9
3.418 -19.3
3.419 -19.7
3.42 -20.1
3.421 -20.4
3.422 -20.7
3.423 -21.1
3.424 -21.3
3.425 -21.6
3.426 -21.8
3.427 -22.0
3.428 -22.2
3.429 -22.3
3.43 -22.4
3.431 -22.5
3.432 -22.6
3.433 -22.7
3.434 -22.7
3.435 -22.7
3.436 -22.7
3.437 -22.7
3.438 -22.6
3.439 -22.6
3.44 -22.5
3.441 -22.3
3.442 -22.2
3.443 -22.0
3.444 -21.8
3.445 -21.6
3.446 -21.3
3.447 -21.1
3.448 -20.8
3.449 -20.5
3.45 -20.1
3.451 -19.8
3.452 -19.4
3.453 -19.0
3.454 -18.7
3.455 -18.3
3.456 -17.8
3.457 -17.4
3.458 -17.0
3.459 -16.5
3.46 -16.1
3.461 -15.6
3.462 -15.1
3.463 -14.6
3.464 -14.0
3.465 -13.5
3.466 -13.0
3.467 -12.4
3.468 -11.8
3.469 -11.3
3.47 -10.7
3.471 -10.1
3.472 -9.5
3.473 -8.9
3.474 -8.3
3.475 -7.6
3.476 -7.0
3.477 -6.3
3.478 -5.7
3.479 -5.0
3.48 -4.4
3.481 -3.7
3.482 -3.1
3.483 -2.4
3.484 -1.8
3.485 -1.1
3.486 -0.5
3.487 0.0
3.488 0.6
3.489 1.2
3.49 1.7
3.491 2.2
3.492 2.6
3.493 3.0
3.494 3.3
3.495 3.6
3.496 3.8
3.497 4.0
3.498 4.2
3.499 4.2
3.5 4.3
3.501 4.2
3.502 4.1
3.503 3.9
3.504 3.8
3.505 3.5
3.506 3.2
3.507 2.8
3.508 2.4
3.509 2.0
3.51 1.5
3.511 1.0
3.512 0.5
3.513 -0.0
3.514 -0.7
3.515 -1.2
3.516 -1.9
3.517 -2.4
3.518 -3.1
3.519 -3.7
3.52 -4.3
3.521 -5.0
3.522 -5.6
3.523 -6.2
3.524 -6.8
3.525 -7.4
3.526 -8.1
3.527 -8.6
3.528 -9.3
3.529 -9.8
3.53 -10.4
3.531 -11.0
3.532 -11.6
3.533 -12.1
3.534 -12.7
3.535 -13.2
3.536 -13.8
3.537 -14.3
3.538 -14.8
3.539 -15.3
3.54 -15.8
3.541 -16.3
3.542 -16.7
3.543 -17.2
3.544 -17.7
3.545 -18.1
3.546 -18.5
3.547 -19.0
3.548 -19.3
3.549 -19.7
3.55 -20.1
3.551 -20.5
3.552 -20.8
3.553 -21.1
3.554 -21.4
3.555 -21.7
3.556 -22.0
3.557 -22.1
3.558 -22.3
3.559 -22.5
3.56 -22.6
3.561 -22.7
3.562 -22.8
3.563 -22.9
3.564 -22.9
3.565 -23.0
3.566 -23.0
3.567 -23.0
3.568 -22.9
3.569 -22.9
3.57 -22.8
3.571 -22.7
3.572 -22.6
3.573 -22.4
3.574 -22.3
3.575 -22.0
3.576 -21.8
3.577 -21.6
3.578 -21.3
3.579 -21.0
3.58 -20.7
3.581 -20.4
3.582 -20.1
3.583 -19.7
3.584 -19.4
3.585 -19.0
3.586 -18.6
3.587 -18.2
3.588 -17.8
3.589 -17.3
3.59 -16.9
3.591 -16.4
3.592 -16.0
3.593 -15.5
3.594 -15.0
3.595 -14.5
3.596 -13.9
3.597 -13.4
3.598 -12.9
3.599 -12.3
3.6 -11.7
3.601 -11.2
3.602 -10.6
3.603 -10.0
3.604 -9.4
3.605 -8.8
3.606 -8.2
3.607 -7.5
3.608 -6.9
3.609 -6.2
3.61 -5.5
3.611 -4.9
3.612 -4.2
3.613 -3.6
3.614 -2.9
3.615 -2.2
3.616 -1.6
3.617 -0.9
3.618 -0.3
3.619 0.3
3.62 0.9
3.621 1.5
3.622 2.0
3.623 2.5
3.624 2.9
3.625 3.3
3.626 3.7
3.627 4.0
3.628 4.3
3.629 4.5
3.63 4.6
3.631 4.5
3.632 4.5
3.633 4.5
3.634 4.4
3.635 4.2
3.636 4.0
3.637 3.7
3.638 3.3
3.639 2.9
3.64 2.5
3.641 2.1
3.642 1.6
3.643 1.0
3.644 0.4
3.645 -0.1
3.646 -0.7
3.647 -1.4
3.648 -2.0
3.649 -2.7
3.65 -3.4
3.651 -4.0
3.652 -4.7
3.653 -5.3
3.654 -6.0
3.655 -6.7
3.656 -7.3
3.657 -7.9
3.658 -8.6
3.659 -9.2
3.66 -9.8
3.661 -10.4
3.662 -11.0
3.663 -11.6
3.664 -12.2
3.665 -12.8
3.666 -13.4
3.667 -13.9
3.668 -14.5
3.669 -15.0
3.67 -15.6
3.671 -16.1
3.672 -16.6
3.673 -17.1
3.674 -17.6
3.675 -18.1
3.676 -18.5
3.677 -19.0
3.678 -19.4
3.679 -19.9
3.68 -20.3
3.681 -20.7
3.682 -21.1
3.683 -21.4
3.684 -21.7
3.685 -22.0
3.686 -22.3
3.687 -22.6
3.688 -22.8
3.689 -22.9
3.69 -23.0
3.691 -23.2
3.692 -23.3
3.693 -23.4
3.694 -23.4
3.695 -23.5
3.696 -23.5
3.697 -23.5
3.698 -23.5
3.699 -23.4
3.7 -23.3
3.701 -23.3
3.702 -23.1
3.703 -23.0
3.704 -22.8
3.705 -22.6
3.706 -22.4
3.707 -22.1
3.708 -21.9
3.709 -21.6
3.71 -21.3
3.711 -21.0
3.712 -20.7
3.713 -20.3
3.714 -19.9
3.715 -19.5
3.716 -19.2
3.717 -18.7
3.718 -18.4
3.719 -17.9
3.72 -17.5
3.721 -17.0
3.722 -16.5
3.723 -16.1
3.724 -15.6
3.725 -15.0
3.726 -14.5
3.727 -14.0
3.728 -13.5
3.729 -12.9
3.73 -12.3
3.731 -11.8
3.732 -11.2
3.733 -10.6
3.734 -10.0
3.735 -9.4
3.736 -8.8
3.737 -8.1
3.738 -7.5
3.739 -6.9
3.74 -6.2
3.741 -5.6
3.742 -4.9
3.743 -4.2
3.744 -3.5
3.745 -2.9
3.746 -2.2
3.747 -1.6
3.748 -1.0
3.749 -0.4
3.75 0.2
3.751 0.8
3.752 1.4
3.753 1.9
3.754 2.4
3.755 2.8
3.756 3.2
3.757 3.5
3.758 3.9
3.759 4.1
3.76 4.3
3.761 4.5
3.762 4.5
3.763 4.5
3.764 4.5
3.765 4.5
3.766 4.3
3.767 4.1
3.768 3.8
3.769 3.5
3.77 3.1
3.771 2.8
3.772 2.4
3.773 1.9
3.774 1.4
3.775 0.8
3.776 0.3
3.777 -0.3
3.778 -1.0
3.779 -1.6
3.78 -2.2
3.781 -2.9
3.782 -3.6
3.783 -4.2
3.784 -4.9
3.785 -5.5
3.786 -6.2
3.787 -6.8
3.788 -7.5
3.789 -8.1
3.79 -8.7
3.791 -9.3
3.792 -10.0
3.793 -10.6
3.794 -11.2
3.795 -11.8
3.796 -12.4
3.797 -13.0
3.798 -13.5
3.799 -14.1
3.8 -14.7
3.801 -15.2
3.802 -15.7
3.803 -16.3
3.804 -16.7
3.805 -17.2
3.806 -17.8
3.807 -18.2
3.808 -18.7
3.809 -19.1
3.81 -19.6
3.811 -20.0
3.812 -20.4
3.813 -20.8
3.814 -21.2
3.815 -21.5
3.816 -21.9
3.817 -22.2
3.818 -22.4
3.819 -22.7
3.82 -22.8
3.821 -23.0
3.822 -23.2
3.823 -23.3
3.824 -23.4
3.825 -23.5
3.826 -23.5
3.827 -23.6
3.828 -23.6
3.829 -23.5
3.83 -23.5
3.831 -23.5
3.832 -23.4
3.833 -23.3
3.834 -23.2
3.835 -23.0
3.836 -22.8
3.837 -22.6
3.838 -22.4
3.839 -22.1
3.84 -21.8
3.841 -21.5
3.842 -21.2
3.843 -20.9
3.844 -20.5
3.845 -20.1
3.846 -19.7
3.847 -19.3
3.848 -18.9
3.849 -18.5
3.85 -18.1
3.851 -17.6
3.852 -17.1
3.853 -16.7
3.854 -16.1
3.855 -15.6
3.856 -15.1
3.857 -14.5
3.858 -14.0
3.859 -13.4
3.86 -12.8
3.861 -12.3
3.862 -11.7
3.863 -11.0
3.864 -10.4
3.865 -9.8
3.866 -9.2
3.867 -8.5
3.868 -7.8
3.869 -7.1
3.87 -6.5
3.871 -5.8
3.872 -5.1
3.873 -4.4
3.874 -3.7
3.875 -3.1
3.876 -2.4
3.877 -1.7
3.878 -1.0
3.879 -0.4
3.88 0.3
3.881 0.9
3.882 1.5
3.883 2.1
3.884 2.6
3.885 3.1
3.886 3.5
3.887 3.9
3.888 4.3
3.889 4.6
3.89 4.8
3.891 5.0
3.892 5.1
3.893 5.2
3.894 5.2
3.895 5.1
3.896 5.0
3.897 4.8
3.898 4.6
3.899 4.3
3.9 4.0
3.901 3.6
3.902 3.1
3.903 2.7
3.904 2.2
3.905 1.6
3.906 1.1
3.907 0.5
3.908 -0.2
3.909 -0.8
3.91 -1.4
3.911 -2.1
3.912 -2.8
3.913 -3.5
3.914 -4.1
3.915 -4.8
3.916 -5.5
3.917 -6.1
3.918 -6.8
3.919 -7.5
3.92 -8.1
3.921 -8.8
3.922 -9.4
3.923 -10.0
3.924 -10.7
3.925 -11.3
3.926 -11.9
3.927 -12.5
3.928 -13.1
3.929 -13.7
3.93 -14.2
3.931 -14.8
3.932 -15.4
3.933 -15.9
3.934 -16.5
3.935 -17.0
3.936 -17.5
3.937 -18.0
3.938 -18.5
3.939 -18.9
3.94 -19.4
3.941 -19.8
3.942 -20.3
3.943 -20.7
3.944 -21.1
3.945 -21.5
3.946 -21.8
3.947 -22.2
3.948 -22.5
3.949 -22.7
3.95 -23.0
3.951 -23.2
3.952 -23.3
3.953 -23.5
3.954 -23.6
3.955 -23.7
3.956 -23.8
3.957 -23.9
3.958 -23.9
3.959 -24.0
3.96 -24.0
3.961 -24.0
3.962 -23.9
3.963 -23.9
3.964 -23.7
3.965 -23.6
3.966 -23.5
3.967 -23.3
3.968 -23.1
3.969 -22.8
3.97 -22.6
3.971 -22.3
3.972 -22.0
3.973 -21.7
3.974 -21.3
3.975 -21.0
3.976 -20.6
3.977 -20.3
3.978 -19.9
3.979 -19.5
3.98 -19.0
3.981 -18.6
3.982 -18.2
3.983 -17.7
3.984 -17.2
3.985 -16.7
3.986 -16.1
3.987 -15.6
3.988 -15.0
3.989 -14.5
3.99 -13.9
3.991 -13.3
3.992 -12.7
3.993 -12.1
3.994 -11.5
3.995 -10.9
3.996 -10.4
3.997 -9.7
3.998 -9.0
3.999 -8.3
4.0 -7.7
4.001 -6.9
4.002 -6.2
4.003 -5.5
4.004 -4.8
4.005 -4.1
4.006 -3.3
4.007 -2.6
4.008 -1.9
4.009 -1.2
4.01 -0.5
4.011 0.2
4.012 0.9
4.013 1.5
4.014 2.1
4.015 2.7
4.016 3.2
4.017 3.7
4.018 4.2
4.019 4.5
4.02 4.9
4.021 5.2
4.022 5.4
4.023 5.5
4.024 5.6
4.025 5.6
4.026 5.6
4.027 5.5
4.028 5.3
4.029 5.1
4.03 4.8
4.031 4.4
4.032 4.0
4.033 3.6
4.034 3.1
4.035 2.5
4.036 2.0
4.037 1.4
4.038 0.7
4.039 0.0
4.04 -0.6
4.041 -1.3
4.042 -2.0
4.043 -2.7
4.044 -3.4
4.045 -4.1
4.046 -4.8
4.047 -5.5
4.048 -6.2
4.049 -6.9
4.05 -7.6
4.051 -8.3
4.052 -9.0
4.053 -9.6
4.054 -10.3
4.055 -10.9
4.056 -11.6
4.057 -12.2
4.058 -12.8
4.059 -13.4
4.06 -14.0
4.061 -14.6
4.062 -15.2
4.063 -15.8
4.064 -16.3
4.065 -16.9
4.066 -17.4
4.067 -17.9
4.068 -18.4
4.069 -18.9
4.07 -19.4
4.071 -19.9
4.072 -20.3
4.073 -20.8
4.074 -21.2
4.075 -21.6
4.076 -22.0
4.077 -22.4
4.078 -22.7
4.079 -23.0
4.08 -23.2
4.081 -23.4
4.082 -23.6
4.083 -23.7
4.084 -23.9
4.085 -24.0
4.086 -24.1
4.087 -24.2
4.088 -24.3
4.089 -24.3
4.09 -24.3
4.091 -24.3
4.092 -24.3
4.093 -24.2
4.094 -24.1
4.095 -24.0
4.096 -23.9
4.097 -23.7
4.098 -23.5
4.099 -23.2
4.1 -23.0
4.101 -22.7
4.102 -22.5
4.103 -22.2
4.104 -21.8
4.105 -21.5
4.106 -21.1
4.107 -20.7
4.108 -20.3
4.109 -19.9
4.11 -19.5
4.111 -19.1
4.112 -18.7
4.113 -18.2
4.114 -17.7
4.115 -17.2
4.116 -16.7
4.117 -16.2
4.118 -15.7
4.119 -15.1
4.12 -14.5
4.121 -14.0
4.122 -13.5
4.123 -12.9
4.124 -12.3
4.125 -11.7
4.126 -11.1
4.127 -10.4
4.128 -9.8
4.129 -9.1
4.13 -8.5
4.131 -7.8
4.132 -7.1
4.133 -6.4
4.134 -5.7
4.135 -4.9
4.136 -4.2
4.137 -3.4
4.138 -2.7
4.139 -2.0
4.14 -1.3
4.141 -0.6
4.142 0.0
4.143 0.7
4.144 1.4
4.145 2.0
4.146 2.5
4.147 3.1
4.148 3.6
4.149 4.0
4.15 4.4
4.151 4.7
4.152 5.0
4.153 5.2
4.154 5.3
4.155 5.4
4.156 5.4
4.157 5.3
4.158 5.2
4.159 5.0
4.16 4.8
4.161 4.5
4.162 4.1
4.163 3.7
4.164 3.2
4.165 2.7
4.166 2.1
4.167 1.6
4.168 1.0
4.169 0.3
4.17 -0.3
4.171 -1.0
4.172 -1.7
4.173 -2.4
4.174 -3.1
4.175 -3.8
4.176 -4.5
4.177 -5.2
4.178 -5.9
4.179 -6.6
4.18 -7.3
4.181 -8.0
4.182 -8.6
4.183 -9.3
4.184 -10.0
4.185 -10.6
4.186 -11.3
4.187 -11.9
4.188 -12.5
4.189 -13.2
4.19 -13.8
4.191 -14.4
4.192 -15.0
4.193 -15.5
4.194 -16.1
4.195 -16.6
4.196 -17.2
4.197 -17.7
4.198 -18.3
4.199 -18.8
4.2 -19.2
4.201 -19.7
4.202 -20.2
4.203 -20.6
4.204 -21.1
4.205 -21.5
4.206 -21.8
4.207 -22.2
4.208 -22.6
4.209 -22.8
4.21 -23.1
4.211 -23.3
4.212 -23.5
4.213 -23.6
4.214 -23.7
4.215 -23.9
4.216 -24.0
4.217 -24.0
4.218 -24.1
4.219 -24.1
4.22 -24.1
4.221 -24.1
4.222 -24.0
4.223 -24.0
4.224 -23.8
4.225 -23.7
4.226 -23.6
4.227 -23.4
4.228 -23.2
4.229 -22.9
4.23 -22.7
4.231 -22.4
4.232 -22.1
4.233 -21.8
4.234 -21.5
4.235 -21.1
4.236 -20.7
4.237 -20.4
4.238 -20.0
4.239 -19.5
4.24 -19.1
4.241 -18.7
4.242 -18.2
4.243 -17.8
4.244 -17.3
4.245 -16.8
4.246 -16.3
4.247 -15.8
4.248 -15.2
4.249 -14.7
4.25 -14.1
4.251 -13.6
4.252 -13.0
4.253 -12.4
4.254 -11.8
4.255 -11.1
4.256 -10.5
4.257 -9.8
4.258 -9.2
4.259 -8.5
4.26 -7.8
4.261 -7.2
4.262 -6.5
4.263 -5.7
4.264 -5.0
4.265 -4.3
4.266 -3.6
4.267 -2.8
4.268 -2.1
4.269 -1.4
4.27 -0.7
4.271 0.0
4.272 0.7
4.273 1.3
4.274 1.9
4.275 2.5
4.276 3.1
4.277 3.6
4.278 4.1
4.279 4.5
4.28 4.8
4.281 5.2
4.282 5.4
4.283 5.6
4.284 5.8
4.285 5.8
4.286 5.8
4.287 5.8
4.288 5.8
4.289 5.7
4.29 5.5
4.291 5.3
4.292 5.2
4.293 5.1
4.294 5.0
4.295 4.8
4.296 4.6
4.297 4.3
4.298 4.1
4.299 4.0
4.3 3.8
4.301 3.6
4.302 3.4
4.303 3.2
4.304 3.1
4.305 2.9
4.306 2.7
4.307 2.5
4.308 2.4
4.309 2.3
4.31 2.1
4.311 2.0
4.312 1.9
4.313 1.7
4.314 1.5
4.315 1.4
4.316 1.2
4.317 1.1
4.318 0.9
4.319 0.8
4.32 0.6
4.321 0.4
4.322 0.2
4.323 0.1
4.324 -0.0
4.325 -0.2
4.326 -0.3
4.327 -0.4
4.328 -0.6
4.329 -0.7
4.33 -0.7
4.331 -0.8
4.332 -0.9
4.333 -1.0
4.334 -1.0
4.335 -1.0
4.336 -1.0
4.337 -1.0
4.338 -1.0
4.339 -1.0
4.34 -0.9
4.341 -0.8
4.342 -0.7
4.343 -0.7
4.344 -0.6
4.345 -0.5
4.346 -0.4
4.347 -0.3
4.348 -0.2
4.349 -0.0
4.35 0.0
4.351 0.2
4.352 0.3
4.353 0.4
4.354 0.5
4.355 0.6
4.356 0.7
4.357 0.7
4.358 0.8
4.359 0.9
4.36 1.0
4.361 1.0
4.362 1.0
4.363 1.1
4.364 1.1
4.365 1.1
4.366 1.1
4.367 1.2
4.368 1.2
4.369 1.2
4.37 1.2
4.371 1.2
4.372 1.1
4.373 1.1
4.374 1.0
4.375 1.0
4.376 0.9
4.377 0.8
4.378 0.8
4.379 0.7
4.38 0.6
4.381 0.5
4.382 0.4
4.383 0.3
4.384 0.2
4.385 0.1
4.386 -0.0
4.387 -0.2
4.388 -0.3
4.389 -0.5
4.39 -0.6
4.391 -0.8
4.392 -0.9
4.393 -1.1
4.394 -1.2
4.395 -1.4
4.396 -1.6
4.397 -1.7
4.398 -1.9
4.399 -2.0
4.4 -2.2
4.401 -2.3
4.402 -2.4
4.403 -2.5
4.404 -2.6
4.405 -2.7
4.406 -2.7
4.407 -2.8
4.408 -2.8
4.409 -2.8
4.41 -2.8
4.411 -2.8
4.412 -2.7
4.413 -2.7
4.414 -2.7
4.415 -2.6
4.416 -2.5
4.417 -2.4
4.418 -2.3
4.419 -2.2
4.42 -2.1
4.421 -2.0
4.422 -1.9
4.423 -1.8
4.424 -1.7
4.425 -1.6
4.426 -1.5
4.427 -1.4
4.428 -1.4
4.429 -1.3
4.43 -1.2
4.431 -1.2
4.432 -1.2
4.433 -1.2
4.434 -1.1
4.435 -1.1
4.436 -1.1
4.437 -1.2
4.438 -1.2
4.439 -1.2
4.44 -1.2
4.441 -1.2
4.442 -1.3
4.443 -1.3
4.444 -1.4
4.445 -1.5
4.446 -1.6
4.447 -1.7
4.448 -1.8
4.449 -1.9
4.45 -2.0
4.451 -2.1
4.452 -2.3
4.453 -2.4
4.454 -2.6
4.455 -2.7
4.456 -2.9
4.457 -3.0
4.458 -3.2
4.459 -3.4
4.46 -3.5
4.461 -3.6
4.462 -3.8
4.463 -3.9
4.464 -4.0
4.465 -4.1
4.466 -4.2
4.467 -4.3
4.468 -4.4
4.469 -4.4
4.47 -4.4
4.471 -4.5
4.472 -4.5
4.473 -4.5
4.474 -4.4
4.475 -4.4
4.476 -4.4
4.477 -4.4
4.478 -4.3
4.479 -4.3
4.48 -4.3
4.481 -4.2
4.482 -4.2
4.483 -4.1
4.484 -4.1
4.485 -4.1
4.486 -4.2
4.487 -4.2
4.488 -4.2
4.489 -4.3
4.49 -4.3
4.491 -4.3
4.492 -4.4
4.493 -4.4
4.494 -4.5
4.495 -4.6
4.496 -4.6
4.497 -4.7
4.498 -4.8
4.499 -4.9
4.5 -5.0
4.501 -5.1
4.502 -5.2
4.503 -5.3
4.504 -5.4
4.505 -5.5
4.506 -5.6
4.507 -5.7
4.508 -5.8
4.509 -6.0
4.51 -6.1
4.511 -6.3
4.512 -6.4
4.513 -6.6
4.514 -6.7
4.515 -6.9
4.516 -7.1
4.517 -7.2
4.518 -7.4
4.519 -7.6
4.52 -7.7
4.521 -7.9
4.522 -8.1
4.523 -8.3
4.524 -8.5
4.525 -8.6
4.526 -8.8
4.527 -9.0
4.528 -9.2
4.529 -9.4
4.53 -9.6
4.531 -9.8
4.532 -10.0
4.533 -10.2
4.534 -10.4
4.535 -10.5
4.536 -10.7
4.537 -10.9
4.538 -11.0
4.539 -11.2
4.54 -11.4
4.541 -11.6
4.542 -11.7
4.543 -11.9
4.544 -12.0
4.545 -12.1
4.546 -12.3
4.547 -12.4
4.548 -12.6
4.549 -12.7
4.55 -12.8
4.551 -13.0
4.552 -13.0
4.553 -13.2
4.554 -13.3
4.555 -13.4
4.556 -13.5
4.557 -13.5
4.558 -13.7
4.559 -13.7
4.56 -13.8
4.561 -13.8
4.562 -13.9
4.563 -13.9
4.564 -14.0
4.565 -14.0
4.566 -14.1
4.567 -14.1
4.568 -14.1
4.569 -14.1
4.57 -14.1
4.571 -14.1
4.572 -14.0
4.573 -14.0
4.574 -14.0
4.575 -14.0
4.576 -14.0
4.577 -13.9
4.578 -13.9
4.579 -13.8
4.58 -13.7
4.581 -13.7
4.582 -13.5
4.583 -13.5
4.584 -13.4
4.585 -13.3
4.586 -13.2
4.587 -13.1
4.588 -13.0
4.589 -12.8
4.59 -12.7
4.591 -12.6
4.592 -12.4
4.593 -12.3
4.594 -12.1
4.595 -11.9
4.596 -11.8
4.597 -11.6
4.598 -11.4
4.599 -11.2
4.6 -11.0
4.601 -10.9
4.602 -10.7
4.603 -10.5
4.604 -10.2
4.605 -10.0
4.606 -9.8
4.607 -9.6
4.608 -9.5
4.609 -9.2
4.61 -9.0
4.611 -8.8
4.612 -8.6
4.613 -8.4
4.614 -8.2
4.615 -8.0
4.616 -7.8
4.617 -7.6
4.618 -7.4
4.619 -7.2
4.62 -7.0
4.621 -6.8
4.622 -6.7
4.623 -6.5
4.624 -6.3
4.625 -6.1
4.626 -6.0
4.627 -5.8
4.628 -5.6
4.629 -5.5
4.63 -5.3
4.631 -5.1
4.632 -5.0
4.633 -4.8
4.634 -4.7
4.635 -4.6
4.636 -4.4
4.637 -4.3
4.638 -4.2
4.639 -4.1
4.64 -4.0
4.641 -3.9
4.642 -3.8
4.643 -3.8
4.644 -3.7
4.645 -3.7
4.646 -3.7
4.647 -3.6
4.648 -3.6
4.649 -3.6
4.65 -3.6
4.651 -3.6
4.652 -3.7
4.653 -3.7
4.654 -3.8
4.655 -3.8
4.656 -3.9
4.657 -4.0
4.658 -4.0
4.659 -4.1
4.66 -4.3
4.661 -4.3
4.662 -4.5
4.663 -4.6
4.664 -4.7
4.665 -4.8
4.666 -5.0
4.667 -5.1
4.668 -5.3
4.669 -5.4
4.67 -5.5
4.671 -5.7
4.672 -5.8
4.673 -6.0
4.674 -6.1
4.675 -6.3
4.676 -6.4
4.677 -6.5
4.678 -6.7
4.679 -6.9
4.68 -7.0
4.681 -7.2
4.682 -7.3
4.683 -7.5
4.684 -7.7
4.685 -7.8
4.686 -7.9
4.687 -8.1
4.688 -8.2
4.689 -8.4
4.69 -8.6
4.691 -8.7
4.692 -8.9
4.693 -9.0
4.694 -9.2
4.695 -9.3
4.696 -9.5
4.697 -9.6
4.698 -9.8
4.699 -9.9
4.7 -10.1
4.701 -10.2
4.702 -10.4
4.703 -10.6
4.704 -10.7
4.705 -10.9
4.706 -11.1
4.707 -11.2
4.708 -11.4
4.709 -11.5
4.71 -11.7
4.711 -11.8
4.712 -12.0
4.713 -12.1
4.714 -12.2
4.715 -12.3
4.716 -12.5
4.717 -12.6
4.718 -12.7
4.719 -12.8
4.72 -12.9
4.721 -13.0
4.722 -13.1
4.723 -13.2
4.724 -13.3
4.725 -13.4
4.726 -13.5
4.727 -13.6
4.728 -13.6
4.729 -13.7
4.73 -13.7
4.731 -13.8
4.732 -13.8
4.733 -13.8
4.734 -13.8
4.735 -13.9
4.736 -13.9
4.737 -13.9
4.738 -13.9
4.739 -13.9
4.74 -13.9
4.741 -13.9
4.742 -13.9
4.743 -13.9
4.744 -13.9
4.745 -13.8
4.746 -13.8
4.747 -13.7
4.748 -13.7
4.749 -13.6
4.75 -13.5
4.751 -13.4
4.752 -13.4
4.753 -13.3
4.754 -13.2
4.755 -13.1
4.756 -13.0
4.757 -12.9
4.758 -12.7
4.759 -12.6
4.76 -12.5
4.761 -12.4
4.762 -12.2
4.763 -12.1
4.764 -12.0
4.765 -11.8
4.766 -11.6
4.767 -11.5
4.768 -11.3
4.769 -11.1
4.77 -10.9
4.771 -10.7
4.772 -10.5
4.773 -10.3
4.774 -10.1
4.775 -9.9
4.776 -9.7
4.777 -9.5
4.778 -9.3
4.779 -9.0
4.78 -8.8
4.781 -8.6
4.782 -8.4
4.783 -8.1
4.784 -7.9
4.785 -7.6
4.786 -7.4
4.787 -7.2
4.788 -6.9
4.789 -6.7
4.79 -6.4
4.791 -6.2
4.792 -6.0
4.793 -5.7
4.794 -5.5
4.795 -5.3
4.796 -5.1
4.797 -4.9
4.798 -4.6
4.799 -4.5
4.8 -4.3
4.801 -4.1
4.802 -3.9
4.803 -3.8
4.804 -3.6
4.805 -3.5
4.806 -3.3
4.807 -3.2
4.808 -3.1
4.809 -3.0
4.81 -3.0
4.811 -2.9
4.812 -2.9
4.813 -2.9
4.814 -2.9
4.815 -2.9
4.816 -2.9
4.817 -3.0
4.818 -3.0
4.819 -3.1
4.82 -3.2
4.821 -3.3
4.822 -3.4
4.823 -3.6
4.824 -3.7
4.825 -3.8
4.826 -4.0
4.827 -4.1
4.828 -4.3
4.829 -4.5
4.83 -4.7
4.831 -4.9
4.832 -5.0
4.833 -5.3
4.834 -5.5
4.835 -5.7
4.836 -5.9
4.837 -6.0
4.838 -6.3
4.839 -6.5
4.84 -6.7
4.841 -6.9
4.842 -7.1
4.843 -7.3
4.844 -7.4
4.845 -7.6
4.846 -7.8
4.847 -8.0
4.848 -8.2
4.849 -8.3
4.85 -8.5
4.851 -8.7
4.852 -8.8
4.853 -9.0
4.854 -9.2
4.855 -9.3
4.856 -9.5
4.857 -9.7
4.858 -9.8
4.859 -10.0
4.86 -10.2
4.861 -10.3
4.862 -10.4
4.863 -10.6
4.864 -10.7
4.865 -10.9
4.866 -11.0
4.867 -11.1
4.868 -11.3
4.869 -11.4
4.87 -11.5
4.871 -11.6
4.872 -11.8
4.873 -11.9
4.874 -12.0
4.875 -12.1
4.876 -12.2
4.877 -12.3
4.878 -12.4
4.879 -12.5
4.88 -12.5
4.881 -12.7
4.882 -12.7
4.883 -12.8
4.884 -12.9
4.885 -12.9
4.886 -13.0
4.887 -13.0
4.888 -13.1
4.889 -13.1
4.89 -13.2
4.891 -13.2
4.892 -13.2
4.893 -13.3
4.894 -13.3
4.895 -13.3
4.896 -13.3
4.897 -13.3
4.898 -13.3
4.899 -13.3
4.9 -13.3
4.901 -13.3
4.902 -13.3
4.903 -13.2
4.904 -13.2
4.905 -13.2
4.906 -13.2
4.907 -13.1
4.908 -13.1
4.909 -13.0
4.91 -13.0
4.911 -12.9
4.912 -12.9
4.913 -12.8
4.914 -12.7
4.915 -12.6
4.916 -12.5
4.917 -12.5
4.918 -12.3
4.919 -12.3
4.92 -12.1
4.921 -12.0
4.922 -11.9
4.923 -11.8
4.924 -11.6
4.925 -11.5
4.926 -11.4
4.927 -11.2
4.928 -11.1
4.929 -10.9
4.93 -10.8
4.931 -10.6
4.932 -10.4
4.933 -10.2
4.934 -10.1
4.935 -9.9
4.936 -9.7
4.937 -9.5
4.938 -9.3
4.939 -9.2
4.94 -9.0
4.941 -8.8
4.942 -8.6
4.943 -8.4
4.944 -8.1
4.945 -7.9
4.946 -7.7
4.947 -7.5
4.948 -7.3
4.949 -7.1
4.95 -6.9
4.951 -6.6
4.952 -6.4
4.953 -6.2
4.954 -5.9
4.955 -5.7
4.956 -5.5
4.957 -5.2
4.958 -5.0
4.959 -4.8
4.96 -4.6
4.961 -4.3
4.962 -4.1
4.963 -3.9
4.964 -3.8
4.965 -3.6
4.966 -3.4
4.967 -3.3
4.968 -3.1
4.969 -3.0
4.97 -2.9
4.971 -2.8
4.972 -2.7
4.973 -2.7
4.974 -2.6
4.975 -2.6
4.976 -2.6
4.977 -2.6
4.978 -2.7
4.979 -2.7
4.98 -2.8
4.981 -2.9
4.982 -3.0
4.983 -3.1
4.984 -3.3
4.985 -3.4
4.986 -3.6
4.987 -3.7
4.988 -3.9
4.989 -4.1
4.99 -4.3
4.991 -4.5
4.992 -4.7
4.993 -5.0
4.994 -5.2
4.995 -5.4
4.996 -5.6
4.997 -5.8
4.998 -6.0
4.999 -6.3
5.0 -6.5
5.001 -6.7
5.002 -7.0
5.003 -7.2
5.004 -7.4
5.005 -7.7
5.006 -7.9
5.007 -8.1
5.008 -8.4
5.009 -8.6
5.01 -8.8
5.011 -9.0
5.012 -9.2
5.013 -9.4
5.014 -9.7
5.015 -9.9
5.016 -10.0
5.017 -10.2
5.018 -10.4
5.019 -10.6
5.02 -10.8
5.021 -10.9
5.022 -11.1
5.023 -11.3
5.024 -11.5
5.025 -11.6
5.026 -11.8
5.027 -12.0
5.028 -12.1
5.029 -12.3
5.03 -12.4
5.031 -12.5
5.032 -12.7
5.033 -12.8
5.034 -12.9
5.035 -13.0
5.036 -13.1
5.037 -13.2
5.038 -13.4
5.039 -13.4
5.04 -13.5
5.041 -13.6
5.042 -13.7
5.043 -13.8
5.044 -13.8
5.045 -13.9
5.046 -14.0
5.047 -14.0
5.048 -14.1
5.049 -14.1
5.05 -14.1
5.051 -14.2
5.052 -14.2
5.053 -14.2
5.054 -14.2
5.055 -14.2
5.056 -14.2
5.057 -14.2
5.058 -14.1
5.059 -14.1
5.06 -14.1
5.061 -14.1
5.062 -14.0
5.063 -14.0
5.064 -13.9
5.065 -13.9
5.066 -13.8
5.067 -13.8
5.068 -13.7
5.069 -13.6
5.07 -13.5
5.071 -13.4
5.072 -13.3
5.073 -13.1
5.074 -13.0
5.075 -12.9
5.076 -12.7
5.077 -12.6
5.078 -12.5
5.079 -12.3
5.08 -12.2
5.081 -12.0
5.082 -11.8
5.083 -11.7
5.084 -11.5
5.085 -11.3
5.086 -11.1
5.087 -10.9
5.088 -10.7
5.089 -10.5
5.09 -10.3
5.091 -10.1
5.092 -9.9
5.093 -9.7
5.094 -9.5
5.095 -9.2
5.096 -9.0
5.097 -8.8
5.098 -8.5
5.099 -8.3
5.1 -8.1
5.101 -7.8
5.102 -7.6
5.103 -7.3
5.104 -7.1
5.105 -6.9
5.106 -6.6
5.107 -6.4
5.108 -6.1
5.109 -5.9
5.11 -5.6
5.111 -5.4
5.112 -5.1
5.113 -4.9
5.114 -4.6
5.115 -4.4
5.116 -4.2
5.117 -4.0
5.118 -3.8
5.119 -3.6
5.12 -3.4
5.121 -3.2
5.122 -3.1
5.123 -2.9
5.124 -2.8
5.125 -2.6
5.126 -2.6
5.127 -2.5
5.128 -2.4
5.129 -2.4
5.13 -2.3
5.131 -2.3
5.132 -2.4
5.133 -2.4
5.134 -2.4
5.135 -2.4
5.136 -2.5
5.137 -2.6
5.138 -2.7
5.139 -2.9
5.14 -3.0
5.141 -3.2
5.142 -3.4
5.143 -3.6
5.144 -3.8
5.145 -4.0
5.146 -4.2
5.147 -4.4
5.148 -4.6
5.149 -4.8
5.15 -5.1
5.151 -5.3
5.152 -5.5
5.153 -5.8
5.154 -6.0
5.155 -6.3
5.156 -6.5
5.157 -6.8
5.158 -7.0
5.159 -7.3
5.16 -7.5
5.161 -7.8
5.162 -8.0
5.163 -8.3
5.164 -8.5
5.165 -8.8
5.166 -9.0
5.167 -9.2
5.168 -9.5
5.169 -9.7
5.17 -9.9
5.171 -10.1
5.172 -10.4
5.173 -10.6
5.174 -10.8
5.175 -11.0
5.176 -11.2
5.177 -11.4
5.178 -11.6
5.179 -11.8
5.18 -12.0
5.181 -12.2
5.182 -12.4
5.183 -12.6
5.184 -12.7
5.185 -12.9
5.186 -13.1
5.187 -13.2
5.188 -13.4
5.189 -13.6
5.19 -13.7
5.191 -13.8
5.192 -14.0
5.193 -14.1
5.194 -14.2
5.195 -14.3
5.196 -14.5
5.197 -14.6
5.198 -14.7
5.199 -14.8
5.2 -14.8
5.201 -15.0
5.202 -15.0
5.203 -15.1
5.204 -15.2
5.205 -15.2
5.206 -15.3
5.207 -15.4
5.208 -15.4
5.209 -15.4
5.21 -15.5
5.211 -15.5
5.212 -15.5
5.213 -15.6
5.214 -15.6
5.215 -15.6
5.216 -15.6
5.217 -15.6
5.218 -15.6
5.219 -15.6
5.22 -15.5
5.221 -15.5
5.222 -15.4
5.223 -15.4
5.224 -15.3
5.225 -15.2
5.226 -15.2
5.227 -15.1
5.228 -15.0
5.229 -14.9
5.23 -14.8
5.231 -14.7
5.232 -14.5
5.233 -14.4
5.234 -14.3
5.235 -14.1
5.236 -14.0
5.237 -13.8
5.238 -13.7
5.239 -13.4
5.24 -13.3
5.241 -13.1
5.242 -12.9
5.243 -12.7
5.244 -12.5
5.245 -12.2
5.246 -12.0
5.247 -11.8
5.248 -11.5
5.249 -11.3
5.25 -11.0
5.251 -10.7
5.252 -10.5
5.253 -10.2
5.254 -10.0
5.255 -9.7
5.256 -9.4
5.257 -9.1
5.258 -8.8
5.259 -8.5
5.26 -8.3
5.261 -8.0
5.262 -7.7
5.263 -7.4
5.264 -7.1
5.265 -6.8
5.266 -6.5
5.267 -6.2
5.268 -5.9
5.269 -5.5
5.27 -5.3
5.271 -5.0
5.272 -4.7
5.273 -4.4
5.274 -4.1
5.275 -3.9
5.276 -3.6
5.277 -3.4
5.278 -3.1
5.279 -2.9
5.28 -2.7
5.281 -2.6
5.282 -2.4
5.283 -2.3
5.284 -2.2
5.285 -2.1
5.286 -2.0
5.287 -2.0
5.288 -2.0
5.289 -1.9
5.29 -1.9
5.291 -2.0
5.292 -2.1
5.293 -2.2
5.294 -2.3
5.295 -2.4
5.296 -2.6
5.297 -2.7
5.298 -2.9
5.299 -3.1
5.3 -3.3
