Perfil
t θ
0.0 -18.1
0.001 -17.9
0.002 -17.7
0.003 -17.3
0.004 -17.1
0.005 -16.8
0.006 -16.5
0.007 -16.3
0.008 -16.0
0.009 -15.7
0.01 -15.4
0.011 -15.2
0.012 -14.8
0.013 -14.5
0.014 -14.2
0.015 -13.9
0.016 -13.5
0.017 -13.1
0.018 -12.7
0.019 -12.3
0.02 -11.9
0.021 -11.4
0.022 -10.9
0.023 -10.4
0.024 -9.9
0.025 -9.4
0.026 -8.9
0.027 -8.4
0.028 -7.8
0.029 -7.3
0.03 -6.9
0.031 -6.4
0.032 -5.9
0.033 -5.4
0.034 -5.0
0.035 -4.5
0.036 -4.1
0.037 -3.6
0.038 -3.2
0.039 -2.8
0.04 -2.4
0.041 -2.2
0.042 -1.9
0.043 -1.6
0.044 -1.5
0.045 -1.4
0.046 -1.3
0.047 -1.3
0.048 -1.4
0.049 -1.5
0.05 -1.6
0.051 -1.8
0.052 -2.1
0.053 -2.4
0.054 -2.7
0.055 -3.0
0.056 -3.4
0.057 -3.8
0.058 -4.2
0.059 -4.6
0.06 -5.1
0.061 -5.6
0.062 -6.1
0.063 -6.6
0.064 -7.1
0.065 -7.6
0.066 -8.1
0.067 -8.6
0.068 -9.0
0.069 -9.5
0.07 -9.9
0.071 -10.3
0.072 -10.8
0.073 -11.2
0.074 -11.6
0.075 -12.0
0.076 -12.4
0.077 -12.8
0.078 -13.1
0.079 -13.6
0.08 -14.0
0.081 -14.4
0.082 -14.7
0.083 -15.1
0.084 -15.5
0.085 -15.9
0.086 -16.3
0.087 -16.6
0.088 -17.0
0.089 -17.2
0.09 -17.5
0.091 -17.9
0.092 -18.1
0.093 -18.3
0.094 -18.6
0.095 -18.8
0.096 -19.0
0.097 -19.2
0.098 -19.4
0.099 -19.6
0.1 -19.8
0.101 -20.0
0.102 -20.1
0.103 -20.3
0.104 -20.4
0.105 -20.6
0.106 -20.7
0.107 -20.8
0.108 -20.8
0.109 -20.9
0.11 -20.9
0.111 -20.9
0.112 -20.9
0.113 -20.9
0.114 -20.9
0.115 -20.8
0.116 -20.8
0.117 -20.7
0.118 -20.5
0.119 -20.4
0.12 -20.3
0.121 -20.0
0.122 -19.9
0.123 -19.7
0.124 -19.5
0.125 -19.2
0.126 -19.0
0.127 -18.7
0.128 -18.4
0.129 -18.2
0.13 -17.9
0.131 -17.7
0.132 -17.5
0.133 -17.2
0.134 -16.9
0.135 -16.7
0.136 -16.5
0.137 -16.3
0.138 -16.0
0.139 -15.8
0.14 -15.5
0.141 -15.2
0.142 -15.0
0.143 -14.7
0.144 -14.4
0.145 -14.1
0.146 -13.7
0.147 -13.4
0.148 -13.0
0.149 -12.6
0.15 -12.1
0.151 -11.7
0.152 -11.3
0.153 -10.8
0.154 -10.4
0.155 -9.9
0.156 -9.4
0.157 -8.9
0.158 -8.5
0.159 -8.1
0.16 -7.5
0.161 -7.0
0.162 -6.6
0.163 -6.1
0.164 -5.7
0.165 -5.3
0.166 -4.9
0.167 -4.5
0.168 -4.1
0.169 -3.7
0.17 -3.4
0.171 -3.0
0.172 -2.7
0.173 -2.5
0.174 -2.2
0.175 -2.0
0.176 -1.8
0.177 -1.7
0.178 -1.7
0.179 -1.6
0.18 -1.7
0.181 -1.7
0.182 -1.9
0.183 -2.0
0.184 -2.2
0.185 -2.4
0.186 -2.7
0.187 -3.0
0.188 -3.4
0.189 -3.7
0.19 -4.1
0.191 -4.5
0.192 -4.9
0.193 -5.4
0.194 -5.8
0.195 -6.2
0.196 -6.7
0.197 -7.1
0.198 -7.6
0.199 -8.1
0.2 -8.5
0.201 -8.9
0.202 -9.3
0.203 -9.7
0.204 -10.1
0.205 -10.5
0.206 -10.9
0.207 -11.4
0.208 -11.7
0.209 -12.1
0.21 -12.5
0.211 -12.9
0.212 -13.3
0.213 -13.6
0.214 -14.0
0.215 -14.4
0.216 -14.8
0.217 -15.1
0.218 -15.4
0.219 -15.7
0.22 -16.1
0.221 -16.4
0.222 -16.6
0.223 -17.0
0.224 -17.2
0.225 -17.4
0.226 -17.6
0.227 -17.9
0.228 -18.1
0.229 -18.3
0.23 -18.5
0.231 -18.7
0.232 -18.9
0.233 -19.1
0.234 -19.2
0.235 -19.4
0.236 -19.6
0.237 -19.7
0.238 -19.9
0.239 -20.0
0.24 -20.1
0.241 -20.2
0.242 -20.3
0.243 -20.4
0.244 -20.4
0.245 -20.5
0.246 -20.5
0.247 -20.5
0.248 -20.5
0.249 -20.5
0.25 -20.4
0.251 -20.4
0.252 -20.4
0.253 -20.4
0.254 -20.2
0.255 -20.1
0.256 -20.0
0.257 -19.8
0.258 -19.6
0.259 -19.4
0.26 -19.2
0.261 -18.9
0.262 -18.8
0.263 -18.5
0.264 -18.3
0.265 -18.0
0.266 -17.8
0.267 -17.5
0.268 -17.3
0.269 -17.1
0.27 -16.8
0.271 -16.6
0.272 -16.3
0.273 -16.0
0.274 -15.8
0.275 -15.4
0.276 -15.1
0.277 -14.9
0.278 -14.5
0.279 -14.3
0.28 -13.9
0.281 -13.6
0.282 -13.3
0.283 -12.9
0.284 -12.5
0.285 -12.1
0.286 -11.7
0.287 -11.2
0.288 -10.7
0.289 -10.2
0.29 -9.7
0.291 -9.3
0.292 -8.7
0.293 -8.2
0.294 -7.7
0.295 -7.2
0.296 -6.7
0.297 -6.2
0.298 -5.7
0.299 -5.3
0.3 -4.8
0.301 -4.4
0.302 -3.9
0.303 -3.5
0.304 -3.2
0.305 -2.8
0.306 -2.5
0.307 -2.2
0.308 -2.0
0.309 -1.8
0.31 -1.6
0.311 -1.5
0.312 -1.4
0.313 -1.4
0.314 -1.4
0.315 -1.5
0.316 -1.8
0.317 -1.9
0.318 -2.2
0.319 -2.4
0.32 -2.8
0.321 -3.1
0.322 -3.5
0.323 -4.0
0.324 -4.4
0.325 -4.8
0.326 -5.3
0.327 -5.7
0.328 -6.2
0.329 -6.7
0.33 -7.1
0.331 -7.7
0.332 -8.1
0.333 -8.6
0.334 -9.1
0.335 -9.5
0.336 -10.0
0.337 -10.4
0.338 -10.8
0.339 -11.2
0.34 -11.6
0.341 -12.0
0.342 -12.4
0.343 -12.8
0.344 -13.2
0.345 -13.6
0.346 -14.0
0.347 -14.4
0.348 -14.8
0.349 -15.2
0.35 -15.5
0.351 -15.9
0.352 -16.3
0.353 -16.5
0.354 -16.9
0.355 -17.2
0.356 -17.5
0.357 -17.8
0.358 -18.0
0.359 -18.3
0.36 -18.5
0.361 -18.8
0.362 -18.9
0.363 -19.1
0.364 -19.3
0.365 -19.5
0.366 -19.7
0.367 -19.8
0.368 -20.0
0.369 -20.2
0.37 -20.2
0.371 -20.3
0.372 -20.5
0.373 -20.6
0.374 -20.7
0.375 -20.8
0.376 -20.8
0.377 -20.8
0.378 -20.8
0.379 -20.8
0.38 -20.8
0.381 -20.8
0.382 -20.7
0.383 -20.6
0.384 -20.5
0.385 -20.4
0.386 -20.2
0.387 -20.1
0.388 -19.9
0.389 -19.7
0.39 -19.5
0.391 -19.2
0.392 -19.1
0.393 -18.8
0.394 -18.6
0.395 -18.3
0.396 -18.0
0.397 -17.8
0.398 -17.6
0.399 -17.3
0.4 -17.1
0.401 -16.9
0.402 -16.7
0.403 -16.5
0.404 -16.2
0.405 -16.0
0.406 -15.8
0.407 -15.5
0.408 -15.2
0.409 -14.9
0.41 -14.7
0.411 -14.3
0.412 -14.0
0.413 -13.7
0.414 -13.3
0.415 -12.9
0.416 -12.6
0.417 -12.2
0.418 -11.8
0.419 -11.4
0.42 -10.9
0.421 -10.4
0.422 -9.9
0.423 -9.5
0.424 -9.0
0.425 -8.5
0.426 -8.1
0.427 -7.5
0.428 -7.1
0.429 -6.7
0.43 -6.3
0.431 -5.9
0.432 -5.5
0.433 -5.1
0.434 -4.8
0.435 -4.4
0.436 -4.0
0.437 -3.7
0.438 -3.3
0.439 -3.1
0.44 -2.8
0.441 -2.5
0.442 -2.3
0.443 -2.1
0.444 -2.0
0.445 -2.0
0.446 -1.9
0.447 -2.0
0.448 -2.0
0.449 -2.2
0.45 -2.4
0.451 -2.5
0.452 -2.8
0.453 -3.0
0.454 -3.3
0.455 -3.6
0.456 -4.0
0.457 -4.4
0.458 -4.7
0.459 -5.1
0.46 -5.5
0.461 -5.9
0.462 -6.4
0.463 -6.8
0.464 -7.3
0.465 -7.7
0.466 -8.1
0.467 -8.6
0.468 -9.0
0.469 -9.5
0.47 -9.8
0.471 -10.2
0.472 -10.7
0.473 -11.1
0.474 -11.5
0.475 -11.9
0.476 -12.2
0.477 -12.6
0.478 -13.0
0.479 -13.4
0.48 -13.8
0.481 -14.2
0.482 -14.5
0.483 -14.9
0.484 -15.3
0.485 -15.6
0.486 -15.9
0.487 -16.2
0.488 -16.5
0.489 -16.8
0.49 -17.0
0.491 -17.4
0.492 -17.6
0.493 -17.8
0.494 -18.0
0.495 -18.2
0.496 -18.5
0.497 -18.7
0.498 -18.9
0.499 -19.1
0.5 -19.3
0.501 -19.4
0.502 -19.6
0.503 -19.7
0.504 -19.8
0.505 -20.0
0.506 -20.1
0.507 -20.2
0.508 -20.4
0.509 -20.4
0.51 -20.5
0.511 -20.5
0.512 -20.6
0.513 -20.6
0.514 -20.7
0.515 -20.7
0.516 -20.7
0.517 -20.7
0.518 -20.6
0.519 -20.6
0.52 -20.5
0.521 -20.4
0.522 -20.3
0.523 -20.1
0.524 -19.9
0.525 -19.8
0.526 -19.6
0.527 -19.4
0.528 -19.2
0.529 -18.9
0.53 -18.7
0.531 -18.4
0.532 -18.2
0.533 -18.0
0.534 -17.7
0.535 -17.5
0.536 -17.2
0.537 -17.0
0.538 -16.8
0.539 -16.4
0.54 -16.2
0.541 -15.9
0.542 -15.6
0.543 -15.4
0.544 -15.2
0.545 -14.8
0.546 -14.6
0.547 -14.3
0.548 -13.9
0.549 -13.5
0.55 -13.2
0.551 -12.7
0.552 -12.3
0.553 -11.9
0.554 -11.4
0.555 -10.9
0.556 -10.4
0.557 -9.9
0.558 -9.5
0.559 -9.0
0.56 -8.5
0.561 -8.0
0.562 -7.5
0.563 -7.1
0.564 -6.6
0.565 -6.1
0.566 -5.6
0.567 -5.2
0.568 -4.7
0.569 -4.3
0.57 -3.9
0.571 -3.5
0.572 -3.2
0.573 -2.8
0.574 -2.5
0.575 -2.3
0.576 -2.1
0.577 -1.9
0.578 -1.8
0.579 -1.7
0.58 -1.6
0.581 -1.6
0.582 -1.7
0.583 -1.9
0.584 -2.1
0.585 -2.3
0.586 -2.6
0.587 -2.9
0.588 -3.2
0.589 -3.6
0.59 -3.9
0.591 -4.4
0.592 -4.8
0.593 -5.2
0.594 -5.6
0.595 -6.1
0.596 -6.6
0.597 -7.1
0.598 -7.5
0.599 -8.0
0.6 -8.5
0.601 -8.9
0.602 -9.4
0.603 -9.8
0.604 -10.2
0.605 -10.6
0.606 -11.0
0.607 -11.4
0.608 -11.8
0.609 -12.2
0.61 -12.6
0.611 -13.0
0.612 -13.4
0.613 -13.8
0.614 -14.2
0.615 -14.6
0.616 -15.0
0.617 -15.3
0.618 -15.7
0.619 -15.9
0.62 -16.3
0.621 -16.6
0.622 -16.9
0.623 -17.2
0.624 -17.5
0.625 -17.7
0.626 -18.0
0.627 -18.2
0.628 -18.4
0.629 -18.6
0.63 -18.8
0.631 -19.0
0.632 -19.2
0.633 -19.3
0.634 -19.6
0.635 -19.7
0.636 -19.9
0.637 -20.1
0.638 -20.2
0.639 -20.3
0.64 -20.4
0.641 -20.5
0.642 -20.6
0.643 -20.6
0.644 -20.6
0.645 -20.6
0.646 -20.6
0.647 -20.6
0.648 -20.6
0.649 -20.6
0.65 -20.5
0.651 -20.5
0.652 -20.5
0.653 -20.3
0.654 -20.2
0.655 -20.1
0.656 -19.8
0.657 -19.7
0.658 -19.5
0.659 -19.3
0.66 -19.1
0.661 -18.9
0.662 -18.6
0.663 -18.3
0.664 -18.1
0.665 -17.9
0.666 -17.7
0.667 -17.4
0.668 -17.2
0.669 -17.0
0.67 -16.8
0.671 -16.4
0.672 -16.2
0.673 -16.0
0.674 -15.7
0.675 -15.4
0.676 -15.1
0.677 -14.8
0.678 -14.6
0.679 -14.3
0.68 -13.9
0.681 -13.6
0.682 -13.2
0.683 -12.9
0.684 -12.6
0.685 -12.2
0.686 -11.8
0.687 -11.4
0.688 -10.9
0.689 -10.4
0.69 -9.9
0.691 -9.5
0.692 -9.0
0.693 -8.5
0.694 -8.1
0.695 -7.6
0.696 -7.3
0.697 -6.8
0.698 -6.4
0.699 -6.0
0.7 -5.5
0.701 -5.1
0.702 -4.7
0.703 -4.3
0.704 -4.0
0.705 -3.6
0.706 -3.3
0.707 -3.0
0.708 -2.8
0.709 -2.5
0.71 -2.4
0.711 -2.2
0.712 -2.1
0.713 -2.1
0.714 -2.0
0.715 -2.1
0.716 -2.1
0.717 -2.3
0.718 -2.5
0.719 -2.6
0.72 -2.8
0.721 -3.1
0.722 -3.4
0.723 -3.8
0.724 -4.1
0.725 -4.5
0.726 -4.9
0.727 -5.3
0.728 -5.7
0.729 -6.1
0.73 -6.5
0.731 -7.0
0.732 -7.5
0.733 -7.9
0.734 -8.4
0.735 -8.8
0.736 -9.2
0.737 -9.6
0.738 -10.0
0.739 -10.4
0.74 -10.8
0.741 -11.3
0.742 -11.6
0.743 -12.0
0.744 -12.4
0.745 -12.7
0.746 -13.1
0.747 -13.5
0.748 -13.8
0.749 -14.2
0.75 -14.5
0.751 -14.9
0.752 -15.2
0.753 -15.5
0.754 -15.9
0.755 -16.2
0.756 -16.5
0.757 -16.7
0.758 -17.0
0.759 -17.3
0.76 -17.5
0.761 -17.7
0.762 -17.9
0.763 -18.2
0.764 -18.4
0.765 -18.5
0.766 -18.8
0.767 -18.9
0.768 -19.1
0.769 -19.2
0.77 -19.4
0.771 -19.5
0.772 -19.7
0.773 -19.8
0.774 -19.9
0.775 -20.0
0.776 -20.1
0.777 -20.2
0.778 -20.3
0.779 -20.3
0.78 -20.3
0.781 -20.4
0.782 -20.4
0.783 -20.4
0.784 -20.4
0.785 -20.3
0.786 -20.3
0.787 -20.3
0.788 -20.2
0.789 -20.1
0.79 -20.0
0.791 -19.8
0.792 -19.7
0.793 -19.5
0.794 -19.3
0.795 -19.2
0.796 -19.0
0.797 -18.8
0.798 -18.5
0.799 -18.3
0.8 -18.0
0.801 -17.8
0.802 -17.5
0.803 -17.3
0.804 -17.0
0.805 -16.8
0.806 -16.5
0.807 -16.3
0.808 -15.9
0.809 -15.6
0.81 -15.3
0.811 -15.1
0.812 -14.7
0.813 -14.4
0.814 -14.1
0.815 -13.7
0.816 -13.3
0.817 -13.0
0.818 -12.6
0.819 -12.2
0.82 -11.8
0.821 -11.4
0.822 -10.9
0.823 -10.4
0.824 -9.9
0.825 -9.5
0.826 -9.0
0.827 -8.5
0.828 -8.0
0.829 -7.5
0.83 -7.0
0.831 -6.5
0.832 -6.1
0.833 -5.6
0.834 -5.2
0.835 -4.7
0.836 -4.3
0.837 -3.9
0.838 -3.5
0.839 -3.2
0.84 -2.8
0.841 -2.5
0.842 -2.3
0.843 -2.1
0.844 -1.9
0.845 -1.8
0.846 -1.7
0.847 -1.7
0.848 -1.7
0.849 -1.8
0.85 -2.0
0.851 -2.1
0.852 -2.3
0.853 -2.6
0.854 -2.9
0.855 -3.3
0.856 -3.6
0.857 -4.0
0.858 -4.4
0.859 -4.8
0.86 -5.3
0.861 -5.7
0.862 -6.2
0.863 -6.6
0.864 -7.1
0.865 -7.6
0.866 -8.1
0.867 -8.6
0.868 -9.0
0.869 -9.5
0.87 -9.9
0.871 -10.4
0.872 -10.8
0.873 -11.1
0.874 -11.6
0.875 -12.0
0.876 -12.4
0.877 -12.8
0.878 -13.2
0.879 -13.6
0.88 -14.0
0.881 -14.4
0.882 -14.8
0.883 -15.2
0.884 -15.6
0.885 -15.9
0.886 -16.2
0.887 -16.5
0.888 -16.8
0.889 -17.2
0.89 -17.5
0.891 -17.7
0.892 -18.0
0.893 -18.2
0.894 -18.5
0.895 -18.7
0.896 -18.9
0.897 -19.1
0.898 -19.4
0.899 -19.5
0.9 -19.7
0.901 -19.9
0.902 -20.0
0.903 -20.2
0.904 -20.4
0.905 -20.5
0.906 -20.6
0.907 -20.7
0.908 -20.8
0.909 -20.9
0.91 -20.9
0.911 -21.0
0.912 -21.0
0.913 -21.0
0.914 -21.0
0.915 -21.0
0.916 -20.9
0.917 -20.9
0.918 -20.8
0.919 -20.7
0.92 -20.6
0.921 -20.5
0.922 -20.2
0.923 -20.1
0.924 -19.9
0.925 -19.7
0.926 -19.5
0.927 -19.2
0.928 -19.0
0.929 -18.8
0.93 -18.5
0.931 -18.2
0.932 -18.0
0.933 -17.8
0.934 -17.5
0.935 -17.3
0.936 -17.0
0.937 -16.8
0.938 -16.6
0.939 -16.3
0.94 -16.0
0.941 -15.8
0.942 -15.5
0.943 -15.3
0.944 -15.0
0.945 -14.7
0.946 -14.3
0.947 -14.0
0.948 -13.6
0.949 -13.3
0.95 -12.8
0.951 -12.5
0.952 -12.0
0.953 -11.6
0.954 -11.2
0.955 -10.7
0.956 -10.1
0.957 -9.7
0.958 -9.2
0.959 -8.7
0.96 -8.2
0.961 -7.7
0.962 -7.2
0.963 -6.7
0.964 -6.3
0.965 -5.9
0.966 -5.5
0.967 -5.0
0.968 -4.7
0.969 -4.3
0.97 -3.9
0.971 -3.6
0.972 -3.3
0.973 -3.0
0.974 -2.7
0.975 -2.4
0.976 -2.2
0.977 -2.1
0.978 -1.9
0.979 -1.9
0.98 -1.9
0.981 -2.0
0.982 -2.1
0.983 -2.3
0.984 -2.4
0.985 -2.7
0.986 -3.0
0.987 -3.3
0.988 -3.6
0.989 -4.0
0.99 -4.3
0.991 -4.7
0.992 -5.1
0.993 -5.6
0.994 -6.0
0.995 -6.5
0.996 -7.0
0.997 -7.4
0.998 -7.9
0.999 -8.4
1.0 -8.8
1.001 -9.2
1.002 -9.7
1.003 -10.1
1.004 -10.5
1.005 -10.9
1.006 -11.3
1.007 -11.7
1.008 -12.1
1.009 -12.5
1.01 -12.8
1.011 -13.2
1.012 -13.7
1.013 -14.0
1.014 -14.4
1.015 -14.8
1.016 -15.2
1.017 -15.6
1.018 -16.0
1.019 -16.3
1.02 -16.6
1.021 -16.9
1.022 -17.2
1.023 -17.6
1.024 -17.8
1.025 -18.1
1.026 -18.3
1.027 -18.6
1.028 -18.8
1.029 -19.0
1.03 -19.2
1.031 -19.4
1.032 -19.5
1.033 -19.7
1.034 -19.9
1.035 -20.1
1.036 -20.2
1.037 -20.4
1.038 -20.5
1.039 -20.6
1.04 -20.7
1.041 -20.8
1.042 -20.9
1.043 -21.0
1.044 -21.0
1.045 -21.0
1.046 -21.0
1.047 -21.0
1.048 -20.9
1.049 -20.9
1.05 -20.9
1.051 -20.8
1.052 -20.7
1.053 -20.5
1.054 -20.4
1.055 -20.3
1.056 -20.0
1.057 -19.9
1.058 -19.7
1.059 -19.5
1.06 -19.2
1.061 -19.0
1.062 -18.7
1.063 -18.5
1.064 -18.2
1.065 -17.9
1.066 -17.7
1.067 -17.5
1.068 -17.2
1.069 -16.9
1.07 -16.6
1.071 -16.3
1.072 -16.0
1.073 -15.8
1.074 -15.5
1.075 -15.2
1.076 -14.9
1.077 -14.6
1.078 -14.3
1.079 -14.0
1.08 -13.7
1.081 -13.4
1.082 -13.0
1.083 -12.6
1.084 -12.2
1.085 -11.8
1.086 -11.4
1.087 -10.9
1.088 -10.4
1.089 -9.9
1.09 -9.4
1.091 -8.9
1.092 -8.4
1.093 -7.9
1.094 -7.4
1.095 -7.0
1.096 -6.5
1.097 -6.1
1.098 -5.7
1.099 -5.3
1.1 -4.9
1.101 -4.5
1.102 -4.1
1.103 -3.7
1.104 -3.4
1.105 -3.0
1.106 -2.7
1.107 -2.5
1.108 -2.3
1.109 -2.2
1.11 -2.1
1.111 -2.0
1.112 -2.0
1.113 -2.1
1.114 -2.2
1.115 -2.3
1.116 -2.4
1.117 -2.6
1.118 -2.9
1.119 -3.2
1.12 -3.5
1.121 -3.9
1.122 -4.3
1.123 -4.7
1.124 -5.1
1.125 -5.6
1.126 -6.0
1.127 -6.5
1.128 -7.0
1.129 -7.4
1.13 -7.9
1.131 -8.4
1.132 -8.8
1.133 -9.3
1.134 -9.7
1.135 -10.1
1.136 -10.5
1.137 -10.9
1.138 -11.3
1.139 -11.7
1.14 -12.1
1.141 -12.5
1.142 -12.8
1.143 -13.2
1.144 -13.6
1.145 -14.0
1.146 -14.4
1.147 -14.8
1.148 -15.2
1.149 -15.6
1.15 -16.0
1.151 -16.2
1.152 -16.5
1.153 -16.9
1.154 -17.2
1.155 -17.5
1.156 -17.7
1.157 -18.0
1.158 -18.2
1.159 -18.5
1.16 -18.8
1.161 -19.0
1.162 -19.1
1.163 -19.4
1.164 -19.5
1.165 -19.7
1.166 -19.9
1.167 -20.0
1.168 -20.2
1.169 -20.3
1.17 -20.5
1.171 -20.6
1.172 -20.7
1.173 -20.8
1.174 -20.9
1.175 -20.9
1.176 -21.0
1.177 -21.0
1.178 -21.0
1.179 -21.0
1.18 -20.9
1.181 -20.9
1.182 -20.9
1.183 -20.8
1.184 -20.7
1.185 -20.5
1.186 -20.4
1.187 -20.2
1.188 -20.0
1.189 -19.8
1.19 -19.6
1.191 -19.4
1.192 -19.1
1.193 -18.9
1.194 -18.6
1.195 -18.4
1.196 -18.2
1.197 -17.9
1.198 -17.6
1.199 -17.4
1.2 -17.1
1.201 -16.9
1.202 -16.6
1.203 -16.3
1.204 -16.1
1.205 -15.8
1.206 -15.5
1.207 -15.2
1.208 -14.9
1.209 -14.6
1.21 -14.3
1.211 -14.0
1.212 -13.6
1.213 -13.2
1.214 -12.8
1.215 -12.4
1.216 -12.0
1.217 -11.6
1.218 -11.0
1.219 -10.6
1.22 -10.1
1.221 -9.6
1.222 -9.0
1.223 -8.5
1.224 -8.0
1.225 -7.5
1.226 -7.0
1.227 -6.6
1.228 -6.1
1.229 -5.7
1.23 -5.3
1.231 -4.9
1.232 -4.5
1.233 -4.1
1.234 -3.7
1.235 -3.4
1.236 -3.0
1.237 -2.7
1.238 -2.4
1.239 -2.2
1.24 -2.0
1.241 -1.9
1.242 -1.8
1.243 -1.8
1.244 -1.8
1.245 -1.9
1.246 -2.1
1.247 -2.2
1.248 -2.4
1.249 -2.7
1.25 -3.0
1.251 -3.3
1.252 -3.6
1.253 -4.0
1.254 -4.4
1.255 -4.8
1.256 -5.3
1.257 -5.7
1.258 -6.2
1.259 -6.6
1.26 -7.1
1.261 -7.6
1.262 -8.1
1.263 -8.5
1.264 -8.9
1.265 -9.4
1.266 -9.9
1.267 -10.3
1.268 -10.7
1.269 -11.1
1.27 -11.5
1.271 -11.9
1.272 -12.3
1.273 -12.7
1.274 -13.1
1.275 -13.5
1.276 -13.9
1.277 -14.2
1.278 -14.6
1.279 -15.0
1.28 -15.4
1.281 -15.8
1.282 -16.1
1.283 -16.4
1.284 -16.8
1.285 -17.1
1.286 -17.3
1.287 -17.7
1.288 -17.9
1.289 -18.2
1.29 -18.4
1.291 -18.6
1.292 -18.9
1.293 -19.1
1.294 -19.3
1.295 -19.5
1.296 -19.6
1.297 -19.8
1.298 -20.0
1.299 -20.1
1.3 -20.3
1.301 -20.4
1.302 -20.5
1.303 -20.6
1.304 -20.7
1.305 -20.8
1.306 -20.9
1.307 -20.9
1.308 -21.0
1.309 -21.0
1.31 -21.0
1.311 -21.0
1.312 -21.0
1.313 -20.9
1.314 -20.8
1.315 -20.8
1.316 -20.7
1.317 -20.6
1.318 -20.4
1.319 -20.2
1.32 -20.0
1.321 -19.8
1.322 -19.6
1.323 -19.4
1.324 -19.2
1.325 -19.0
1.326 -18.7
1.327 -18.4
1.328 -18.2
1.329 -17.9
1.33 -17.6
1.331 -17.4
1.332 -17.1
1.333 -16.8
1.334 -16.6
1.335 -16.2
1.336 -16.0
1.337 -15.7
1.338 -15.4
1.339 -15.1
1.34 -14.9
1.341 -14.5
1.342 -14.2
1.343 -13.8
1.344 -13.5
1.345 -13.1
1.346 -12.7
1.347 -12.2
1.348 -11.8
1.349 -11.4
1.35 -10.9
1.351 -10.4
1.352 -9.9
1.353 -9.4
1.354 -8.9
1.355 -8.4
1.356 -7.9
1.357 -7.4
1.358 -6.9
1.359 -6.4
1.36 -5.9
1.361 -5.5
1.362 -5.1
1.363 -4.7
1.364 -4.3
1.365 -3.9
1.366 -3.5
1.367 -3.1
1.368 -2.8
1.369 -2.5
1.37 -2.2
1.371 -2.0
1.372 -1.8
1.373 -1.7
1.374 -1.6
1.375 -1.6
1.376 -1.7
1.377 -1.8
1.378 -2.0
1.379 -2.2
1.38 -2.4
1.381 -2.7
1.382 -3.0
1.383 -3.3
1.384 -3.7
1.385 -4.1
1.386 -4.5
1.387 -5.0
1.388 -5.5
1.389 -5.9
1.39 -6.4
1.391 -6.9
1.392 -7.4
1.393 -7.9
1.394 -8.3
1.395 -8.8
1.396 -9.3
1.397 -9.8
1.398 -10.2
1.399 -10.6
1.4 -11.0
1.401 -11.5
1.402 -11.9
1.403 -12.3
1.404 -12.7
1.405 -13.1
1.406 -13.5
1.407 -13.9
1.408 -14.3
1.409 -14.7
1.41 -15.1
1.411 -15.4
1.412 -15.8
1.413 -16.2
1.414 -16.5
1.415 -16.9
1.416 -17.2
1.417 -17.5
1.418 -17.8
1.419 -18.1
1.42 -18.3
1.421 -18.6
1.422 -18.8
1.423 -19.0
1.424 -19.3
1.425 -19.5
1.426 -19.7
1.427 -19.8
1.428 -20.0
1.429 -20.3
1.43 -20.4
1.431 -20.6
1.432 -20.7
1.433 -20.8
1.434 -20.9
1.435 -21.0
1.436 -21.0
1.437 -21.1
1.438 -21.1
1.439 -21.1
1.44 -21.1
1.441 -21.1
1.442 -21.1
1.443 -21.0
1.444 -20.9
1.445 -20.9
1.446 -20.7
1.447 -20.5
1.448 -20.4
1.449 -20.2
1.45 -20.0
1.451 -19.8
1.452 -19.6
1.453 -19.3
1.454 -19.1
1.455 -18.8
1.456 -18.5
1.457 -18.2
1.458 -18.0
1.459 -17.7
1.46 -17.4
1.461 -17.1
1.462 -16.8
1.463 -16.6
1.464 -16.3
1.465 -16.1
1.466 -15.8
1.467 -15.5
1.468 -15.3
1.469 -15.0
1.47 -14.7
1.471 -14.4
1.472 -14.1
1.473 -13.8
1.474 -13.5
1.475 -13.1
1.476 -12.7
1.477 -12.3
1.478 -11.9
1.479 -11.5
1.48 -11.1
1.481 -10.6
1.482 -10.1
1.483 -9.6
1.484 -9.1
1.485 -8.6
1.486 -8.1
1.487 -7.6
1.488 -7.1
1.489 -6.7
1.49 -6.3
1.491 -5.9
1.492 -5.5
1.493 -5.1
1.494 -4.7
1.495 -4.3
1.496 -3.9
1.497 -3.6
1.498 -3.3
1.499 -3.0
1.5 -2.7
1.501 -2.5
1.502 -2.3
1.503 -2.2
1.504 -2.1
1.505 -2.0
1.506 -2.0
1.507 -2.0
1.508 -2.1
1.509 -2.2
1.51 -2.4
1.511 -2.6
1.512 -2.9
1.513 -3.2
1.514 -3.5
1.515 -3.9
1.516 -4.2
1.517 -4.6
1.518 -5.0
1.519 -5.5
1.52 -5.9
1.521 -6.3
1.522 -6.8
1.523 -7.3
1.524 -7.7
1.525 -8.2
1.526 -8.6
1.527 -9.1
1.528 -9.6
1.529 -10.0
1.53 -10.4
1.531 -10.8
1.532 -11.2
1.533 -11.6
1.534 -12.0
1.535 -12.3
1.536 -12.7
1.537 -13.1
1.538 -13.5
1.539 -13.8
1.54 -14.2
1.541 -14.6
1.542 -15.0
1.543 -15.4
1.544 -15.7
1.545 -16.1
1.546 -16.4
1.547 -16.7
1.548 -17.0
1.549 -17.3
1.55 -17.6
1.551 -17.8
1.552 -18.0
1.553 -18.2
1.554 -18.5
1.555 -18.7
1.556 -18.9
1.557 -19.1
1.558 -19.3
1.559 -19.5
1.56 -19.7
1.561 -19.9
1.562 -20.0
1.563 -20.2
1.564 -20.4
1.565 -20.4
1.566 -20.5
1.567 -20.6
1.568 -20.6
1.569 -20.7
1.57 -20.8
1.571 -20.8
1.572 -20.9
1.573 -20.9
1.574 -20.9
1.575 -20.9
1.576 -20.9
1.577 -20.9
1.578 -20.8
1.579 -20.7
1.58 -20.5
1.581 -20.4
1.582 -20.2
1.583 -20.1
1.584 -19.8
1.585 -19.7
1.586 -19.4
1.587 -19.2
1.588 -19.0
1.589 -18.7
1.59 -18.4
1.591 -18.2
1.592 -18.0
1.593 -17.7
1.594 -17.4
1.595 -17.1
1.596 -16.9
1.597 -16.6
1.598 -16.3
1.599 -16.1
1.6 -15.7
1.601 -15.5
1.602 -15.2
1.603 -14.9
1.604 -14.6
1.605 -14.2
1.606 -13.9
1.607 -13.5
1.608 -13.1
1.609 -12.7
1.61 -12.2
1.611 -11.8
1.612 -11.3
1.613 -10.9
1.614 -10.4
1.615 -9.8
1.616 -9.3
1.617 -8.8
1.618 -8.3
1.619 -7.8
1.62 -7.3
1.621 -6.9
1.622 -6.4
1.623 -5.9
1.624 -5.5
1.625 -5.0
1.626 -4.6
1.627 -4.1
1.628 -3.7
1.629 -3.4
1.63 -3.0
1.631 -2.7
1.632 -2.4
1.633 -2.2
1.634 -2.0
1.635 -1.9
1.636 -1.8
1.637 -1.8
1.638 -1.8
1.639 -1.8
1.64 -1.9
1.641 -2.1
1.642 -2.3
1.643 -2.6
1.644 -2.9
1.645 -3.2
1.646 -3.5
1.647 -3.9
1.648 -4.3
1.649 -4.7
1.65 -5.2
1.651 -5.7
1.652 -6.1
1.653 -6.6
1.654 -7.1
1.655 -7.5
1.656 -8.1
1.657 -8.5
1.658 -9.0
1.659 -9.5
1.66 -9.9
1.661 -10.3
1.662 -10.8
1.663 -11.2
1.664 -11.6
1.665 -12.0
1.666 -12.4
1.667 -12.8
1.668 -13.2
1.669 -13.6
1.67 -14.0
1.671 -14.4
1.672 -14.8
1.673 -15.2
1.674 -15.5
1.675 -15.9
1.676 -16.2
1.677 -16.6
1.678 -16.9
1.679 -17.2
1.68 -17.6
1.681 -17.9
1.682 -18.1
1.683 -18.4
1.684 -18.6
1.685 -18.9
1.686 -19.1
1.687 -19.3
1.688 -19.5
1.689 -19.8
1.69 -19.9
1.691 -20.1
1.692 -20.3
1.693 -20.4
1.694 -20.6
1.695 -20.7
1.696 -20.8
1.697 -20.9
1.698 -21.0
1.699 -21.1
1.7 -21.1
1.701 -21.1
1.702 -21.1
1.703 -21.1
1.704 -21.1
1.705 -21.1
1.706 -21.0
1.707 -21.0
1.708 -20.9
1.709 -20.7
1.71 -20.6
1.711 -20.4
1.712 -20.2
1.713 -20.0
1.714 -19.8
1.715 -19.6
1.716 -19.4
1.717 -19.1
1.718 -18.8
1.719 -18.6
1.72 -18.2
1.721 -18.0
1.722 -17.8
1.723 -17.5
1.724 -17.3
1.725 -17.0
1.726 -16.7
1.727 -16.5
1.728 -16.2
1.729 -15.9
1.73 -15.6
1.731 -15.4
1.732 -15.1
1.733 -14.8
1.734 -14.5
1.735 -14.2
1.736 -13.8
1.737 -13.4
1.738 -13.1
1.739 -12.7
1.74 -12.3
1.741 -11.8
1.742 -11.4
1.743 -10.9
1.744 -10.4
1.745 -9.9
1.746 -9.4
1.747 -8.9
1.748 -8.4
1.749 -7.9
1.75 -7.4
1.751 -6.9
1.752 -6.4
1.753 -6.0
1.754 -5.6
1.755 -5.2
1.756 -4.8
1.757 -4.4
1.758 -4.0
1.759 -3.6
1.76 -3.3
1.761 -3.0
1.762 -2.6
1.763 -2.4
1.764 -2.2
1.765 -2.0
1.766 -1.9
1.767 -1.8
1.768 -1.8
1.769 -1.8
1.77 -1.9
1.771 -2.1
1.772 -2.2
1.773 -2.4
1.774 -2.7
1.775 -3.0
1.776 -3.3
1.777 -3.7
1.778 -4.0
1.779 -4.4
1.78 -4.8
1.781 -5.3
1.782 -5.7
1.783 -6.2
1.784 -6.6
1.785 -7.2
1.786 -7.5
1.787 -8.0
1.788 -8.5
1.789 -8.9
1.79 -9.4
1.791 -9.8
1.792 -10.2
1.793 -10.6
1.794 -11.0
1.795 -11.4
1.796 -11.8
1.797 -12.2
1.798 -12.6
1.799 -13.0
1.8 -13.4
1.801 -13.8
1.802 -14.2
1.803 -14.6
1.804 -14.9
1.805 -15.3
1.806 -15.6
1.807 -16.0
1.808 -16.3
1.809 -16.6
1.81 -16.9
1.811 -17.2
1.812 -17.5
1.813 -17.8
1.814 -18.1
1.815 -18.3
1.816 -18.5
1.817 -18.8
1.818 -19.0
1.819 -19.2
1.82 -19.3
1.821 -19.5
1.822 -19.7
1.823 -19.8
1.824 -20.0
1.825 -20.1
1.826 -20.3
1.827 -20.4
1.828 -20.5
1.829 -20.6
1.83 -20.7
1.831 -20.7
1.832 -20.8
1.833 -20.9
1.834 -20.9
1.835 -20.9
1.836 -20.9
1.837 -20.8
1.838 -20.8
1.839 -20.8
1.84 -20.7
1.841 -20.6
1.842 -20.5
1.843 -20.3
1.844 -20.1
1.845 -20.0
1.846 -19.8
1.847 -19.6
1.848 -19.4
1.849 -19.1
1.85 -18.9
1.851 -18.6
1.852 -18.4
1.853 -18.1
1.854 -17.8
1.855 -17.5
1.856 -17.3
1.857 -17.0
1.858 -16.7
1.859 -16.5
1.86 -16.2
1.861 -15.9
1.862 -15.6
1.863 -15.3
1.864 -15.0
1.865 -14.7
1.866 -14.4
1.867 -14.0
1.868 -13.7
1.869 -13.3
1.87 -13.0
1.871 -12.6
1.872 -12.2
1.873 -11.7
1.874 -11.2
1.875 -10.8
1.876 -10.3
1.877 -9.8
1.878 -9.3
1.879 -8.8
1.88 -8.3
1.881 -7.8
1.882 -7.3
1.883 -6.8
1.884 -6.4
1.885 -5.9
1.886 -5.5
1.887 -5.0
1.888 -4.6
1.889 -4.1
1.89 -3.7
1.891 -3.4
1.892 -3.0
1.893 -2.7
1.894 -2.4
1.895 -2.2
1.896 -2.0
1.897 -1.8
1.898 -1.7
1.899 -1.7
1.9 -1.7
1.901 -1.8
1.902 -1.8
1.903 -2.0
1.904 -2.2
1.905 -2.5
1.906 -2.8
1.907 -3.1
1.908 -3.4
1.909 -3.8
1.91 -4.2
1.911 -4.7
1.912 -5.1
1.913 -5.6
1.914 -6.1
1.915 -6.5
1.916 -7.0
1.917 -7.5
1.918 -8.0
1.919 -8.5
1.92 -8.9
1.921 -9.5
1.922 -9.9
1.923 -10.3
1.924 -10.8
1.925 -11.1
1.926 -11.6
1.927 -12.0
1.928 -12.4
1.929 -12.8
1.93 -13.1
1.931 -13.6
1.932 -14.0
1.933 -14.4
1.934 -14.8
1.935 -15.2
1.936 -15.5
1.937 -15.9
1.938 -16.3
1.939 -16.7
1.94 -17.0
1.941 -17.3
1.942 -17.6
1.943 -17.9
1.944 -18.1
1.945 -18.4
1.946 -18.7
1.947 -18.9
1.948 -19.1
1.949 -19.3
1.95 -19.6
1.951 -19.8
1.952 -20.0
1.953 -20.2
1.954 -20.3
1.955 -20.5
1.956 -20.6
1.957 -20.7
1.958 -20.9
1.959 -21.0
1.96 -21.0
1.961 -21.1
1.962 -21.1
1.963 -21.1
1.964 -21.1
1.965 -21.2
1.966 -21.1
1.967 -21.1
1.968 -21.0
1.969 -20.9
1.97 -20.8
1.971 -20.7
1.972 -20.5
1.973 -20.3
1.974 -20.1
1.975 -19.9
1.976 -19.7
1.977 -19.4
1.978 -19.2
1.979 -19.0
1.98 -18.7
1.981 -18.4
1.982 -18.2
1.983 -17.9
1.984 -17.7
1.985 -17.4
1.986 -17.1
1.987 -16.9
1.988 -16.6
1.989 -16.3
1.99 -16.1
1.991 -15.8
1.992 -15.6
1.993 -15.3
1.994 -15.0
1.995 -14.8
1.996 -14.5
1.997 -14.2
1.998 -13.8
1.999 -13.5
2.0 -13.2
2.001 -12.8
2.002 -12.4
2.003 -12.0
2.004 -11.6
2.005 -11.1
2.006 -10.6
2.007 -10.1
2.008 -9.7
2.009 -9.2
2.01 -8.8
2.011 -8.4
2.012 -7.8
2.013 -7.4
2.014 -7.0
2.015 -6.6
2.016 -6.1
2.017 -5.7
2.018 -5.4
2.019 -5.0
2.02 -4.6
2.021 -4.3
2.022 -4.0
2.023 -3.6
2.024 -3.3
2.025 -3.0
2.026 -2.8
2.027 -2.6
2.028 -2.4
2.029 -2.3
2.03 -2.3
2.031 -2.3
2.032 -2.3
2.033 -2.4
2.034 -2.5
2.035 -2.7
2.036 -2.9
2.037 -3.1
2.038 -3.3
2.039 -3.6
2.04 -3.9
2.041 -4.3
2.042 -4.7
2.043 -5.1
2.044 -5.5
2.045 -5.9
2.046 -6.3
2.047 -6.7
2.048 -7.1
2.049 -7.6
2.05 -8.0
2.051 -8.5
2.052 -8.9
2.053 -9.4
2.054 -9.8
2.055 -10.1
2.056 -10.6
2.057 -10.9
2.058 -11.4
2.059 -11.8
2.06 -12.2
2.061 -12.5
2.062 -12.9
2.063 -13.3
2.064 -13.7
2.065 -14.1
2.066 -14.4
2.067 -14.7
2.068 -15.1
2.069 -15.4
2.07 -15.7
2.071 -16.1
2.072 -16.3
2.073 -16.6
2.074 -17.0
2.075 -17.2
2.076 -17.5
2.077 -17.8
2.078 -17.9
2.079 -18.2
2.08 -18.4
2.081 -18.7
2.082 -18.8
2.083 -19.0
2.084 -19.2
2.085 -19.4
2.086 -19.5
2.087 -19.6
2.088 -19.8
2.089 -19.9
2.09 -20.0
2.091 -20.2
2.092 -20.3
2.093 -20.4
2.094 -20.5
2.095 -20.5
2.096 -20.6
2.097 -20.6
2.098 -20.6
2.099 -20.6
2.1 -20.6
2.101 -20.6
2.102 -20.6
2.103 -20.6
2.104 -20.6
2.105 -20.5
2.106 -20.4
2.107 -20.3
2.108 -20.2
2.109 -20.0
2.11 -19.8
2.111 -19.7
2.112 -19.5
2.113 -19.3
2.114 -19.1
2.115 -18.8
2.116 -18.6
2.117 -18.3
2.118 -18.1
2.119 -17.9
2.12 -17.6
2.121 -17.3
2.122 -17.0
2.123 -16.8
2.124 -16.5
2.125 -16.2
2.126 -15.9
2.127 -15.7
2.128 -15.4
2.129 -15.0
2.13 -14.8
2.131 -14.5
2.132 -14.1
2.133 -13.7
2.134 -13.4
2.135 -13.0
2.136 -12.7
2.137 -12.2
2.138 -11.8
2.139 -11.4
2.14 -10.9
2.141 -10.5
2.142 -10.0
2.143 -9.5
2.144 -9.0
2.145 -8.6
2.146 -8.0
2.147 -7.5
2.148 -7.1
2.149 -6.6
2.15 -6.1
2.151 -5.7
2.152 -5.3
2.153 -4.9
2.154 -4.5
2.155 -4.1
2.156 -3.8
2.157 -3.4
2.158 -3.1
2.159 -2.8
2.16 -2.6
2.161 -2.4
2.162 -2.2
2.163 -2.1
2.164 -2.1
2.165 -2.1
2.166 -2.2
2.167 -2.3
2.168 -2.4
2.169 -2.7
2.17 -2.9
2.171 -3.2
2.172 -3.5
2.173 -3.8
2.174 -4.2
2.175 -4.5
2.176 -4.9
2.177 -5.4
2.178 -5.7
2.179 -6.2
2.18 -6.6
2.181 -7.1
2.182 -7.6
2.183 -8.1
2.184 -8.5
2.185 -9.0
2.186 -9.4
2.187 -9.9
2.188 -10.2
2.189 -10.6
2.19 -11.0
2.191 -11.4
2.192 -11.8
2.193 -12.1
2.194 -12.5
2.195 -12.9
2.196 -13.3
2.197 -13.7
2.198 -14.1
2.199 -14.5
2.2 -14.8
2.201 -15.2
2.202 -15.6
2.203 -15.9
2.204 -16.1
2.205 -16.5
2.206 -16.9
2.207 -17.1
2.208 -17.3
2.209 -17.6
2.21 -17.8
2.211 -18.1
2.212 -18.3
2.213 -18.5
2.214 -18.7
2.215 -19.0
2.216 -19.1
2.217 -19.3
2.218 -19.4
2.219 -19.6
2.22 -19.7
2.221 -19.9
2.222 -20.0
2.223 -20.1
2.224 -20.2
2.225 -20.4
2.226 -20.4
2.227 -20.4
2.228 -20.5
2.229 -20.5
2.23 -20.6
2.231 -20.6
2.232 -20.6
2.233 -20.6
2.234 -20.5
2.235 -20.5
2.236 -20.5
2.237 -20.4
2.238 -20.3
2.239 -20.2
2.24 -20.1
2.241 -19.9
2.242 -19.7
2.243 -19.5
2.244 -19.4
2.245 -19.1
2.246 -18.9
2.247 -18.7
2.248 -18.5
2.249 -18.2
2.25 -18.0
2.251 -17.8
2.252 -17.6
2.253 -17.3
2.254 -17.1
2.255 -16.8
2.256 -16.6
2.257 -16.3
2.258 -16.1
2.259 -15.8
2.26 -15.5
2.261 -15.2
2.262 -14.9
2.263 -14.6
2.264 -14.3
2.265 -14.0
2.266 -13.6
2.267 -13.3
2.268 -12.9
2.269 -12.5
2.27 -12.1
2.271 -11.7
2.272 -11.3
2.273 -10.8
2.274 -10.3
2.275 -9.9
2.276 -9.4
2.277 -9.0
2.278 -8.5
2.279 -8.0
2.28 -7.6
2.281 -7.1
2.282 -6.7
2.283 -6.3
2.284 -5.9
2.285 -5.4
2.286 -5.0
2.287 -4.7
2.288 -4.3
2.289 -4.0
2.29 -3.6
2.291 -3.4
2.292 -3.1
2.293 -2.9
2.294 -2.7
2.295 -2.6
2.296 -2.5
2.297 -2.4
2.298 -2.4
2.299 -2.4
2.3 -2.4
2.301 -2.5
2.302 -2.7
2.303 -2.9
2.304 -3.1
2.305 -3.4
2.306 -3.7
2.307 -4.1
2.308 -4.4
2.309 -4.8
2.31 -5.2
2.311 -5.6
2.312 -6.0
2.313 -6.5
2.314 -6.9
2.315 -7.3
2.316 -7.7
2.317 -8.2
2.318 -8.6
2.319 -9.0
2.32 -9.5
2.321 -9.9
2.322 -10.3
2.323 -10.7
2.324 -11.1
2.325 -11.5
2.326 -11.9
2.327 -12.3
2.328 -12.6
2.329 -13.0
2.33 -13.4
2.331 -13.8
2.332 -14.1
2.333 -14.4
2.334 -14.8
2.335 -15.2
2.336 -15.5
2.337 -15.8
2.338 -16.1
2.339 -16.5
2.34 -16.7
2.341 -17.0
2.342 -17.3
2.343 -17.6
2.344 -17.8
2.345 -18.0
2.346 -18.2
2.347 -18.4
2.348 -18.6
2.349 -18.8
2.35 -19.0
2.351 -19.2
2.352 -19.4
2.353 -19.5
2.354 -19.6
2.355 -19.8
2.356 -19.9
2.357 -20.0
2.358 -20.1
2.359 -20.3
2.36 -20.3
2.361 -20.4
2.362 -20.5
2.363 -20.5
2.364 -20.5
2.365 -20.5
2.366 -20.5
2.367 -20.5
2.368 -20.5
2.369 -20.5
2.37 -20.5
2.371 -20.4
2.372 -20.4
2.373 -20.3
2.374 -20.2
2.375 -20.1
2.376 -19.9
2.377 -19.7
2.378 -19.5
2.379 -19.3
2.38 -19.0
2.381 -18.8
2.382 -18.6
2.383 -18.3
2.384 -18.1
2.385 -17.8
2.386 -17.6
2.387 -17.4
2.388 -17.1
2.389 -16.9
2.39 -16.6
2.391 -16.4
2.392 -16.1
2.393 -15.8
2.394 -15.5
2.395 -15.3
2.396 -14.9
2.397 -14.6
2.398 -14.3
2.399 -14.0
2.4 -13.6
2.401 -13.3
2.402 -12.9
2.403 -12.5
2.404 -12.1
2.405 -11.7
2.406 -11.2
2.407 -10.8
2.408 -10.2
2.409 -9.7
2.41 -9.2
2.411 -8.7
2.412 -8.2
2.413 -7.7
2.414 -7.3
2.415 -6.8
2.416 -6.3
2.417 -5.9
2.418 -5.5
2.419 -5.0
2.42 -4.7
2.421 -4.2
2.422 -3.9
2.423 -3.5
2.424 -3.1
2.425 -2.8
2.426 -2.6
2.427 -2.3
2.428 -2.2
2.429 -2.0
2.43 -2.0
2.431 -2.0
2.432 -2.0
2.433 -2.1
2.434 -2.3
2.435 -2.4
2.436 -2.6
2.437 -2.8
2.438 -3.1
2.439 -3.4
2.44 -3.8
2.441 -4.2
2.442 -4.6
2.443 -5.0
2.444 -5.5
2.445 -5.9
2.446 -6.4
2.447 -6.8
2.448 -7.3
2.449 -7.8
2.45 -8.3
2.451 -8.7
2.452 -9.2
2.453 -9.6
2.454 -10.1
2.455 -10.5
2.456 -10.9
2.457 -11.3
2.458 -11.7
2.459 -12.1
2.46 -12.5
2.461 -12.9
2.462 -13.2
2.463 -13.6
2.464 -14.0
2.465 -14.4
2.466 -14.8
2.467 -15.2
2.468 -15.5
2.469 -15.9
2.47 -16.2
2.471 -16.5
2.472 -16.9
2.473 -17.2
2.474 -17.4
2.475 -17.7
2.476 -18.0
2.477 -18.2
2.478 -18.4
2.479 -18.6
2.48 -18.9
2.481 -19.1
2.482 -19.3
2.483 -19.4
2.484 -19.6
2.485 -19.8
2.486 -19.9
2.487 -20.1
2.488 -20.2
2.489 -20.3
2.49 -20.5
2.491 -20.5
2.492 -20.6
2.493 -20.7
2.494 -20.7
2.495 -20.7
2.496 -20.8
2.497 -20.8
2.498 -20.8
2.499 -20.7
2.5 -20.7
2.501 -20.7
2.502 -20.7
2.503 -20.6
2.504 -20.5
2.505 -20.4
2.506 -20.2
2.507 -20.0
2.508 -19.8
2.509 -19.6
2.51 -19.5
2.511 -19.2
2.512 -19.0
2.513 -18.7
2.514 -18.5
2.515 -18.3
2.516 -18.0
2.517 -17.8
2.518 -17.6
2.519 -17.3
2.52 -17.1
2.521 -16.9
2.522 -16.6
2.523 -16.3
2.524 -16.0
2.525 -15.8
2.526 -15.5
2.527 -15.2
2.528 -14.9
2.529 -14.6
2.53 -14.3
2.531 -13.9
2.532 -13.6
2.533 -13.2
2.534 -12.9
2.535 -12.5
2.536 -12.1
2.537 -11.7
2.538 -11.2
2.539 -10.7
2.54 -10.2
2.541 -9.8
2.542 -9.3
2.543 -8.8
2.544 -8.4
2.545 -7.8
2.546 -7.4
2.547 -7.0
2.548 -6.6
2.549 -6.2
2.55 -5.8
2.551 -5.4
2.552 -5.0
2.553 -4.6
2.554 -4.3
2.555 -3.9
2.556 -3.6
2.557 -3.2
2.558 -3.0
2.559 -2.8
2.56 -2.6
2.561 -2.5
2.562 -2.4
2.563 -2.4
2.564 -2.4
2.565 -2.4
2.566 -2.5
2.567 -2.6
2.568 -2.8
2.569 -3.0
2.57 -3.2
2.571 -3.5
2.572 -3.9
2.573 -4.2
2.574 -4.6
2.575 -4.9
2.576 -5.3
2.577 -5.8
2.578 -6.2
2.579 -6.6
2.58 -7.1
2.581 -7.6
2.582 -8.0
2.583 -8.4
2.584 -8.8
2.585 -9.3
2.586 -9.7
2.587 -10.1
2.588 -10.5
2.589 -10.9
2.59 -11.3
2.591 -11.7
2.592 -12.1
2.593 -12.5
2.594 -12.9
2.595 -13.3
2.596 -13.7
2.597 -14.1
2.598 -14.4
2.599 -14.8
2.6 -15.1
2.601 -15.5
2.602 -15.8
2.603 -16.1
2.604 -16.5
2.605 -16.8
2.606 -17.0
2.607 -17.3
2.608 -17.6
2.609 -17.8
2.61 -18.1
2.611 -18.3
2.612 -18.6
2.613 -18.8
2.614 -19.0
2.615 -19.2
2.616 -19.3
2.617 -19.5
2.618 -19.7
2.619 -19.8
2.62 -20.0
2.621 -20.1
2.622 -20.3
2.623 -20.4
2.624 -20.4
2.625 -20.5
2.626 -20.6
2.627 -20.7
2.628 -20.7
2.629 -20.8
2.63 -20.8
2.631 -20.8
2.632 -20.7
2.633 -20.7
2.634 -20.7
2.635 -20.7
2.636 -20.7
2.637 -20.6
2.638 -20.5
2.639 -20.3
2.64 -20.1
2.641 -19.9
2.642 -19.8
2.643 -19.6
2.644 -19.4
2.645 -19.2
2.646 -19.0
2.647 -18.7
2.648 -18.5
2.649 -18.2
2.65 -18.0
2.651 -17.8
2.652 -17.5
2.653 -17.2
2.654 -17.0
2.655 -16.7
2.656 -16.4
2.657 -16.1
2.658 -15.8
2.659 -15.6
2.66 -15.3
2.661 -14.9
2.662 -14.6
2.663 -14.4
2.664 -14.0
2.665 -13.7
2.666 -13.3
2.667 -12.9
2.668 -12.5
2.669 -12.1
2.67 -11.7
2.671 -11.2
2.672 -10.7
2.673 -10.2
2.674 -9.8
2.675 -9.3
2.676 -8.8
2.677 -8.3
2.678 -7.8
2.679 -7.3
2.68 -6.9
2.681 -6.4
2.682 -6.0
2.683 -5.6
2.684 -5.2
2.685 -4.7
2.686 -4.3
2.687 -4.0
2.688 -3.6
2.689 -3.3
2.69 -3.0
2.691 -2.8
2.692 -2.6
2.693 -2.4
2.694 -2.3
2.695 -2.2
2.696 -2.2
2.697 -2.2
2.698 -2.3
2.699 -2.4
2.7 -2.5
2.701 -2.7
2.702 -2.9
2.703 -3.2
2.704 -3.5
2.705 -3.9
2.706 -4.2
2.707 -4.7
2.708 -5.0
2.709 -5.5
2.71 -5.9
2.711 -6.4
2.712 -6.8
2.713 -7.3
2.714 -7.7
2.715 -8.2
2.716 -8.6
2.717 -9.0
2.718 -9.5
2.719 -9.9
2.72 -10.3
2.721 -10.7
2.722 -11.1
2.723 -11.5
2.724 -11.9
2.725 -12.3
2.726 -12.7
2.727 -13.0
2.728 -13.4
2.729 -13.8
2.73 -14.2
2.731 -14.6
2.732 -14.9
2.733 -15.3
2.734 -15.7
2.735 -16.1
2.736 -16.3
2.737 -16.6
2.738 -16.9
2.739 -17.2
2.74 -17.5
2.741 -17.7
2.742 -18.0
2.743 -18.2
2.744 -18.5
2.745 -18.7
2.746 -18.9
2.747 -19.1
2.748 -19.2
2.749 -19.4
2.75 -19.5
2.751 -19.7
2.752 -19.8
2.753 -20.0
2.754 -20.1
2.755 -20.3
2.756 -20.4
2.757 -20.5
2.758 -20.6
2.759 -20.7
2.76 -20.7
2.761 -20.7
2.762 -20.7
2.763 -20.7
2.764 -20.7
2.765 -20.7
2.766 -20.7
2.767 -20.6
2.768 -20.6
2.769 -20.6
2.77 -20.5
2.771 -20.3
2.772 -20.1
2.773 -19.8
2.774 -19.8
2.775 -19.6
2.776 -19.4
2.777 -19.2
2.778 -19.0
2.779 -18.8
2.78 -18.5
2.781 -18.2
2.782 -18.0
2.783 -17.8
2.784 -17.6
2.785 -17.4
2.786 -17.0
2.787 -16.7
2.788 -16.5
2.789 -16.2
2.79 -16.0
2.791 -15.7
2.792 -15.4
2.793 -15.1
2.794 -14.8
2.795 -14.5
2.796 -14.2
2.797 -13.8
2.798 -13.4
2.799 -13.1
2.8 -12.7
2.801 -12.3
2.802 -11.9
2.803 -11.5
2.804 -11.1
2.805 -10.6
2.806 -10.1
2.807 -9.7
2.808 -9.2
2.809 -8.7
2.81 -8.3
2.811 -7.8
2.812 -7.3
2.813 -6.8
2.814 -6.4
2.815 -6.0
2.816 -5.6
2.817 -5.2
2.818 -4.8
2.819 -4.4
2.82 -4.1
2.821 -3.7
2.822 -3.4
2.823 -3.1
2.824 -2.9
2.825 -2.6
2.826 -2.5
2.827 -2.3
2.828 -2.3
2.829 -2.2
2.83 -2.3
2.831 -2.4
2.832 -2.4
2.833 -2.6
2.834 -2.8
2.835 -3.0
2.836 -3.2
2.837 -3.5
2.838 -3.9
2.839 -4.2
2.84 -4.6
2.841 -5.0
2.842 -5.4
2.843 -5.9
2.844 -6.3
2.845 -6.7
2.846 -7.2
2.847 -7.7
2.848 -8.1
2.849 -8.6
2.85 -9.0
2.851 -9.4
2.852 -9.9
2.853 -10.2
2.854 -10.7
2.855 -11.1
2.856 -11.5
2.857 -11.9
2.858 -12.2
2.859 -12.7
2.86 -13.0
2.861 -13.4
2.862 -13.7
2.863 -14.2
2.864 -14.5
2.865 -14.8
2.866 -15.2
2.867 -15.6
2.868 -15.8
2.869 -16.2
2.87 -16.5
2.871 -16.8
2.872 -17.1
2.873 -17.4
2.874 -17.7
2.875 -17.9
2.876 -18.1
2.877 -18.3
2.878 -18.5
2.879 -18.7
2.88 -18.9
2.881 -19.1
2.882 -19.2
2.883 -19.4
2.884 -19.5
2.885 -19.7
2.886 -19.8
2.887 -19.9
2.888 -20.0
2.889 -20.2
2.89 -20.3
2.891 -20.4
2.892 -20.5
2.893 -20.5
2.894 -20.5
2.895 -20.5
2.896 -20.5
2.897 -20.5
2.898 -20.5
2.899 -20.5
2.9 -20.5
2.901 -20.4
2.902 -20.4
2.903 -20.3
2.904 -20.2
2.905 -20.1
2.906 -19.9
2.907 -19.8
2.908 -19.6
2.909 -19.5
2.91 -19.2
2.911 -19.0
2.912 -18.8
2.913 -18.5
2.914 -18.3
2.915 -18.0
2.916 -17.8
2.917 -17.6
2.918 -17.2
2.919 -17.0
2.92 -16.7
2.921 -16.4
2.922 -16.2
2.923 -15.8
2.924 -15.6
2.925 -15.3
2.926 -15.0
2.927 -14.6
2.928 -14.3
2.929 -13.9
2.93 -13.6
2.931 -13.3
2.932 -12.9
2.933 -12.5
2.934 -12.1
2.935 -11.7
2.936 -11.3
2.937 -10.9
2.938 -10.3
2.939 -9.9
2.94 -9.4
2.941 -8.9
2.942 -8.5
2.943 -7.9
2.944 -7.5
2.945 -7.0
2.946 -6.6
2.947 -6.1
2.948 -5.7
2.949 -5.3
2.95 -4.9
2.951 -4.5
2.952 -4.1
2.953 -3.7
2.954 -3.4
2.955 -3.2
2.956 -2.9
2.957 -2.7
2.958 -2.5
2.959 -2.3
2.96 -2.3
2.961 -2.2
2.962 -2.2
2.963 -2.3
2.964 -2.4
2.965 -2.6
2.966 -2.8
2.967 -3.0
2.968 -3.2
2.969 -3.5
2.97 -3.9
2.971 -4.2
2.972 -4.7
2.973 -5.0
2.974 -5.5
2.975 -5.9
2.976 -6.3
2.977 -6.7
2.978 -7.2
2.979 -7.7
2.98 -8.1
2.981 -8.6
2.982 -9.0
2.983 -9.4
2.984 -9.9
2.985 -10.3
2.986 -10.7
2.987 -11.1
2.988 -11.4
2.989 -11.9
2.99 -12.2
2.991 -12.6
2.992 -13.0
2.993 -13.4
2.994 -13.8
2.995 -14.2
2.996 -14.5
2.997 -14.9
2.998 -15.3
2.999 -15.6
3.0 -15.9
3.001 -16.3
3.002 -16.6
3.003 -16.9
3.004 -17.1
3.005 -17.4
3.006 -17.7
3.007 -17.9
3.008 -18.2
3.009 -18.4
3.01 -18.6
3.011 -18.8
3.012 -19.0
3.013 -19.2
3.014 -19.4
3.015 -19.5
3.016 -19.6
3.017 -19.8
3.018 -19.9
3.019 -20.0
3.02 -20.1
3.021 -20.2
3.022 -20.4
3.023 -20.5
3.024 -20.5
3.025 -20.6
3.026 -20.7
3.027 -20.7
3.028 -20.7
3.029 -20.7
3.03 -20.7
3.031 -20.7
3.032 -20.6
3.033 -20.6
3.034 -20.6
3.035 -20.5
3.036 -20.4
3.037 -20.3
3.038 -20.1
3.039 -20.0
3.04 -19.8
3.041 -19.6
3.042 -19.5
3.043 -19.2
3.044 -19.0
3.045 -18.8
3.046 -18.5
3.047 -18.3
3.048 -18.0
3.049 -17.8
3.05 -17.5
3.051 -17.2
3.052 -17.0
3.053 -16.7
3.054 -16.4
3.055 -16.1
3.056 -15.9
3.057 -15.5
3.058 -15.2
3.059 -15.0
3.06 -14.6
3.061 -14.3
3.062 -13.9
3.063 -13.6
3.064 -13.3
3.065 -12.9
3.066 -12.5
3.067 -12.1
3.068 -11.7
3.069 -11.2
3.07 -10.8
3.071 -10.3
3.072 -9.9
3.073 -9.3
3.074 -8.9
3.075 -8.4
3.076 -7.9
3.077 -7.4
3.078 -7.0
3.079 -6.5
3.08 -6.1
3.081 -5.7
3.082 -5.2
3.083 -4.8
3.084 -4.4
3.085 -4.1
3.086 -3.7
3.087 -3.3
3.088 -3.1
3.089 -2.9
3.09 -2.7
3.091 -2.5
3.092 -2.4
3.093 -2.2
3.094 -2.2
3.095 -2.2
3.096 -2.3
3.097 -2.5
3.098 -2.6
3.099 -2.8
3.1 -3.0
3.101 -3.3
3.102 -3.6
3.103 -4.0
3.104 -4.4
3.105 -4.8
3.106 -5.2
3.107 -5.7
3.108 -6.1
3.109 -6.5
3.11 -6.9
3.111 -7.4
3.112 -7.9
3.113 -8.4
3.114 -8.8
3.115 -9.2
3.116 -9.7
3.117 -10.1
3.118 -10.5
3.119 -11.0
3.12 -11.4
3.121 -11.8
3.122 -12.2
3.123 -12.6
3.124 -12.9
3.125 -13.3
3.126 -13.6
3.127 -14.0
3.128 -14.4
3.129 -14.8
3.13 -15.1
3.131 -15.5
3.132 -15.8
3.133 -16.2
3.134 -16.5
3.135 -16.7
3.136 -17.1
3.137 -17.4
3.138 -17.7
3.139 -18.0
3.14 -18.2
3.141 -18.4
3.142 -18.6
3.143 -18.9
3.144 -19.1
3.145 -19.2
3.146 -19.4
3.147 -19.6
3.148 -19.8
3.149 -19.9
3.15 -20.1
3.151 -20.2
3.152 -20.3
3.153 -20.4
3.154 -20.6
3.155 -20.7
3.156 -20.7
3.157 -20.8
3.158 -20.9
3.159 -20.9
3.16 -20.9
3.161 -20.9
3.162 -20.9
3.163 -20.9
3.164 -20.9
3.165 -20.8
3.166 -20.7
3.167 -20.6
3.168 -20.5
3.169 -20.4
3.17 -20.2
3.171 -20.0
3.172 -20.0
3.173 -19.7
3.174 -19.5
3.175 -19.3
3.176 -19.0
3.177 -18.8
3.178 -18.5
3.179 -18.3
3.18 -18.0
3.181 -17.8
3.182 -17.6
3.183 -17.2
3.184 -17.0
3.185 -16.8
3.186 -16.5
3.187 -16.2
3.188 -15.9
3.189 -15.6
3.19 -15.3
3.191 -15.0
3.192 -14.7
3.193 -14.3
3.194 -14.0
3.195 -13.6
3.196 -13.3
3.197 -12.9
3.198 -12.5
3.199 -12.1
3.2 -11.7
3.201 -11.2
3.202 -10.8
3.203 -10.3
3.204 -9.8
3.205 -9.3
3.206 -8.9
3.207 -8.4
3.208 -7.8
3.209 -7.4
3.21 -6.9
3.211 -6.5
3.212 -6.1
3.213 -5.7
3.214 -5.2
3.215 -4.9
3.216 -4.5
3.217 -4.1
3.218 -3.8
3.219 -3.5
3.22 -3.2
3.221 -3.0
3.222 -2.8
3.223 -2.6
3.224 -2.5
3.225 -2.4
3.226 -2.3
3.227 -2.4
3.228 -2.5
3.229 -2.6
3.23 -2.8
3.231 -2.9
3.232 -3.2
3.233 -3.5
3.234 -3.7
3.235 -4.1
3.236 -4.5
3.237 -4.9
3.238 -5.2
3.239 -5.7
3.24 -6.1
3.241 -6.5
3.242 -6.9
3.243 -7.4
3.244 -7.8
3.245 -8.3
3.246 -8.8
3.247 -9.2
3.248 -9.7
3.249 -10.1
3.25 -10.4
3.251 -10.9
3.252 -11.3
3.253 -11.7
3.254 -12.0
3.255 -12.4
3.256 -12.8
3.257 -13.1
3.258 -13.5
3.259 -13.9
3.26 -14.3
3.261 -14.6
3.262 -15.0
3.263 -15.3
3.264 -15.7
3.265 -16.0
3.266 -16.3
3.267 -16.6
3.268 -16.9
3.269 -17.2
3.27 -17.5
3.271 -17.7
3.272 -18.0
3.273 -18.2
3.274 -18.4
3.275 -18.6
3.276 -18.8
3.277 -19.0
3.278 -19.2
3.279 -19.4
3.28 -19.5
3.281 -19.6
3.282 -19.8
3.283 -19.9
3.284 -20.0
3.285 -20.1
3.286 -20.2
3.287 -20.3
3.288 -20.4
3.289 -20.5
3.29 -20.5
3.291 -20.5
3.292 -20.5
3.293 -20.6
3.294 -20.6
3.295 -20.6
3.296 -20.6
3.297 -20.6
3.298 -20.6
3.299 -20.6
3.3 -20.5
3.301 -20.4
3.302 -20.2
3.303 -20.0
3.304 -20.0
3.305 -19.8
3.306 -19.6
3.307 -19.5
3.308 -19.3
3.309 -19.0
3.31 -18.8
3.311 -18.5
3.312 -18.3
3.313 -18.0
3.314 -17.8
3.315 -17.5
3.316 -17.3
3.317 -17.0
3.318 -16.7
3.319 -16.4
3.32 -16.1
3.321 -15.9
3.322 -15.6
3.323 -15.3
3.324 -15.1
3.325 -14.7
3.326 -14.4
3.327 -14.1
3.328 -13.7
3.329 -13.4
3.33 -13.0
3.331 -12.6
3.332 -12.1
3.333 -11.7
3.334 -11.2
3.335 -10.8
3.336 -10.3
3.337 -9.8
3.338 -9.4
3.339 -8.9
3.34 -8.4
3.341 -7.9
3.342 -7.5
3.343 -7.0
3.344 -6.5
3.345 -6.2
3.346 -5.7
3.347 -5.3
3.348 -4.9
3.349 -4.4
3.35 -4.1
3.351 -3.7
3.352 -3.4
3.353 -3.1
3.354 -2.9
3.355 -2.7
3.356 -2.5
3.357 -2.4
3.358 -2.4
3.359 -2.3
3.36 -2.3
3.361 -2.4
3.362 -2.5
3.363 -2.7
3.364 -2.9
3.365 -3.1
3.366 -3.4
3.367 -3.7
3.368 -4.1
3.369 -4.4
3.37 -4.8
3.371 -5.2
3.372 -5.7
3.373 -6.1
3.374 -6.6
3.375 -7.1
3.376 -7.5
3.377 -8.0
3.378 -8.4
3.379 -8.8
3.38 -9.3
3.381 -9.7
3.382 -10.1
3.383 -10.5
3.384 -10.9
3.385 -11.4
3.386 -11.7
3.387 -12.1
3.388 -12.5
3.389 -12.9
3.39 -13.3
3.391 -13.6
3.392 -14.0
3.393 -14.3
3.394 -14.6
3.395 -15.0
3.396 -15.4
3.397 -15.7
3.398 -16.0
3.399 -16.3
3.4 -16.6
3.401 -17.0
3.402 -17.2
3.403 -17.5
3.404 -17.8
3.405 -18.0
3.406 -18.3
3.407 -18.4
3.408 -18.7
3.409 -18.9
3.41 -19.1
3.411 -19.3
3.412 -19.5
3.413 -19.6
3.414 -19.8
3.415 -19.9
3.416 -20.0
3.417 -20.1
3.418 -20.3
3.419 -20.4
3.42 -20.4
3.421 -20.6
3.422 -20.7
3.423 -20.7
3.424 -20.7
3.425 -20.7
3.426 -20.7
3.427 -20.7
3.428 -20.7
3.429 -20.7
3.43 -20.6
3.431 -20.6
3.432 -20.6
3.433 -20.6
3.434 -20.4
3.435 -20.3
3.436 -20.1
3.437 -20.0
3.438 -19.8
3.439 -19.6
3.44 -19.4
3.441 -19.2
3.442 -18.9
3.443 -18.7
3.444 -18.4
3.445 -18.2
3.446 -18.0
3.447 -17.8
3.448 -17.6
3.449 -17.2
3.45 -17.0
3.451 -16.7
3.452 -16.4
3.453 -16.2
3.454 -15.9
3.455 -15.6
3.456 -15.3
3.457 -15.0
3.458 -14.7
3.459 -14.4
3.46 -14.0
3.461 -13.6
3.462 -13.3
3.463 -12.9
3.464 -12.5
3.465 -12.1
3.466 -11.7
3.467 -11.3
3.468 -10.8
3.469 -10.3
3.47 -9.9
3.471 -9.4
3.472 -9.0
3.473 -8.5
3.474 -8.0
3.475 -7.6
3.476 -7.1
3.477 -6.6
3.478 -6.2
3.479 -5.8
3.48 -5.5
3.481 -5.1
3.482 -4.7
3.483 -4.3
3.484 -3.9
3.485 -3.6
3.486 -3.3
3.487 -3.1
3.488 -2.8
3.489 -2.7
3.49 -2.5
3.491 -2.4
3.492 -2.3
3.493 -2.3
3.494 -2.4
3.495 -2.5
3.496 -2.7
3.497 -2.8
3.498 -3.1
3.499 -3.3
3.5 -3.6
3.501 -3.9
3.502 -4.3
3.503 -4.6
3.504 -5.0
3.505 -5.4
3.506 -5.8
3.507 -6.3
3.508 -6.7
3.509 -7.2
3.51 -7.5
3.511 -8.0
3.512 -8.5
3.513 -8.9
3.514 -9.4
3.515 -9.8
3.516 -10.2
3.517 -10.6
3.518 -10.9
3.519 -11.3
3.52 -11.7
3.521 -12.1
3.522 -12.5
3.523 -12.9
3.524 -13.3
3.525 -13.6
3.526 -14.0
3.527 -14.4
3.528 -14.7
3.529 -15.0
3.53 -15.4
3.531 -15.7
3.532 -16.1
3.533 -16.3
3.534 -16.6
3.535 -16.9
3.536 -17.2
3.537 -17.4
3.538 -17.7
3.539 -18.0
3.54 -18.2
3.541 -18.3
3.542 -18.6
3.543 -18.8
3.544 -19.0
3.545 -19.2
3.546 -19.3
3.547 -19.5
3.548 -19.6
3.549 -19.8
3.55 -19.9
3.551 -19.9
3.552 -20.0
3.553 -20.2
3.554 -20.3
3.555 -20.3
3.556 -20.4
3.557 -20.5
3.558 -20.5
3.559 -20.5
3.56 -20.6
3.561 -20.5
3.562 -20.5
3.563 -20.5
3.564 -20.5
3.565 -20.4
3.566 -20.3
3.567 -20.2
3.568 -20.1
3.569 -19.9
3.57 -19.8
3.571 -19.6
3.572 -19.4
3.573 -19.3
3.574 -19.0
3.575 -18.8
3.576 -18.6
3.577 -18.3
3.578 -18.1
3.579 -17.8
3.58 -17.6
3.581 -17.4
3.582 -17.0
3.583 -16.8
3.584 -16.5
3.585 -16.2
3.586 -15.9
3.587 -15.7
3.588 -15.4
3.589 -15.1
3.59 -14.8
3.591 -14.5
3.592 -14.2
3.593 -13.9
3.594 -13.6
3.595 -13.2
3.596 -12.9
3.597 -12.5
3.598 -12.1
3.599 -11.7
3.6 -11.2
3.601 -10.8
3.602 -10.3
3.603 -9.8
3.604 -9.3
3.605 -8.9
3.606 -8.4
3.607 -7.9
3.608 -7.5
3.609 -7.0
3.61 -6.5
3.611 -6.1
3.612 -5.7
3.613 -5.3
3.614 -4.9
3.615 -4.5
3.616 -4.1
3.617 -3.7
3.618 -3.4
3.619 -3.1
3.62 -2.9
3.621 -2.6
3.622 -2.5
3.623 -2.3
3.624 -2.2
3.625 -2.1
3.626 -2.1
3.627 -2.2
3.628 -2.3
3.629 -2.4
3.63 -2.6
3.631 -2.8
3.632 -3.0
3.633 -3.3
3.634 -3.6
3.635 -4.0
3.636 -4.4
3.637 -4.8
3.638 -5.2
3.639 -5.6
3.64 -6.0
3.641 -6.5
3.642 -7.0
3.643 -7.4
3.644 -7.9
3.645 -8.3
3.646 -8.7
3.647 -9.1
3.648 -9.6
3.649 -10.0
3.65 -10.4
3.651 -10.8
3.652 -11.1
3.653 -11.5
3.654 -11.9
3.655 -12.3
3.656 -12.7
3.657 -13.0
3.658 -13.4
3.659 -13.8
3.66 -14.1
3.661 -14.5
3.662 -14.8
3.663 -15.1
3.664 -15.5
3.665 -15.8
3.666 -16.1
3.667 -16.4
3.668 -16.7
3.669 -17.0
3.67 -17.2
3.671 -17.5
3.672 -17.7
3.673 -17.9
3.674 -18.1
3.675 -18.3
3.676 -18.5
3.677 -18.7
3.678 -18.9
3.679 -19.0
3.68 -19.2
3.681 -19.3
3.682 -19.5
3.683 -19.6
3.684 -19.7
3.685 -19.8
3.686 -19.9
3.687 -20.0
3.688 -20.0
3.689 -20.1
3.69 -20.1
3.691 -20.1
3.692 -20.1
3.693 -20.1
3.694 -20.2
3.695 -20.2
3.696 -20.2
3.697 -20.1
3.698 -20.1
3.699 -20.0
3.7 -19.9
3.701 -19.8
3.702 -19.7
3.703 -19.6
3.704 -19.3
3.705 -19.2
3.706 -19.0
3.707 -18.8
3.708 -18.6
3.709 -18.3
3.71 -18.1
3.711 -17.8
3.712 -17.7
3.713 -17.4
3.714 -17.2
3.715 -16.9
3.716 -16.7
3.717 -16.4
3.718 -16.2
3.719 -15.9
3.72 -15.6
3.721 -15.4
3.722 -15.1
3.723 -14.8
3.724 -14.5
3.725 -14.1
3.726 -13.8
3.727 -13.5
3.728 -13.1
3.729 -12.8
3.73 -12.3
3.731 -11.9
3.732 -11.5
3.733 -11.1
3.734 -10.7
3.735 -10.3
3.736 -9.8
3.737 -9.3
3.738 -8.8
3.739 -8.4
3.74 -7.9
3.741 -7.4
3.742 -7.0
3.743 -6.5
3.744 -6.1
3.745 -5.6
3.746 -5.2
3.747 -4.8
3.748 -4.4
3.749 -4.1
3.75 -3.7
3.751 -3.4
3.752 -3.1
3.753 -2.8
3.754 -2.5
3.755 -2.3
3.756 -2.2
3.757 -2.0
3.758 -1.9
3.759 -1.9
3.76 -1.9
3.761 -2.0
3.762 -2.2
3.763 -2.3
3.764 -2.5
3.765 -2.7
3.766 -3.0
3.767 -3.3
3.768 -3.7
3.769 -4.1
3.77 -4.4
3.771 -4.8
3.772 -5.3
3.773 -5.7
3.774 -6.1
3.775 -6.6
3.776 -7.0
3.777 -7.5
3.778 -7.9
3.779 -8.4
3.78 -8.8
3.781 -9.3
3.782 -9.7
3.783 -10.1
3.784 -10.5
3.785 -10.9
3.786 -11.3
3.787 -11.7
3.788 -12.0
3.789 -12.4
3.79 -12.8
3.791 -13.2
3.792 -13.6
3.793 -14.0
3.794 -14.4
3.795 -14.7
3.796 -15.1
3.797 -15.4
3.798 -15.7
3.799 -16.0
3.8 -16.4
3.801 -16.7
3.802 -16.9
3.803 -17.2
3.804 -17.5
3.805 -17.7
3.806 -18.0
3.807 -18.2
3.808 -18.4
3.809 -18.6
3.81 -18.8
3.811 -19.0
3.812 -19.2
3.813 -19.3
3.814 -19.4
3.815 -19.6
3.816 -19.7
3.817 -19.9
3.818 -20.0
3.819 -20.1
3.82 -20.1
3.821 -20.2
3.822 -20.3
3.823 -20.3
3.824 -20.4
3.825 -20.4
3.826 -20.5
3.827 -20.4
3.828 -20.4
3.829 -20.4
3.83 -20.3
3.831 -20.2
3.832 -20.1
3.833 -20.0
3.834 -19.9
3.835 -19.7
3.836 -19.6
3.837 -19.4
3.838 -19.2
3.839 -19.0
3.84 -18.8
3.841 -18.5
3.842 -18.3
3.843 -18.0
3.844 -17.7
3.845 -17.6
3.846 -17.3
3.847 -17.0
3.848 -16.8
3.849 -16.5
3.85 -16.3
3.851 -16.0
3.852 -15.8
3.853 -15.5
3.854 -15.2
3.855 -14.9
3.856 -14.6
3.857 -14.3
3.858 -13.9
3.859 -13.5
3.86 -13.2
3.861 -12.8
3.862 -12.4
3.863 -11.9
3.864 -11.6
3.865 -11.1
3.866 -10.7
3.867 -10.3
3.868 -9.8
3.869 -9.4
3.87 -8.9
3.871 -8.4
3.872 -7.9
3.873 -7.4
3.874 -7.0
3.875 -6.5
3.876 -6.1
3.877 -5.6
3.878 -5.2
3.879 -4.8
3.88 -4.4
3.881 -4.0
3.882 -3.7
3.883 -3.3
3.884 -3.0
3.885 -2.7
3.886 -2.5
3.887 -2.3
3.888 -2.1
3.889 -2.0
3.89 -1.9
3.891 -1.9
3.892 -1.9
3.893 -1.9
3.894 -2.0
3.895 -2.2
3.896 -2.3
3.897 -2.6
3.898 -2.9
3.899 -3.2
3.9 -3.5
3.901 -3.9
3.902 -4.3
3.903 -4.6
3.904 -5.1
3.905 -5.5
3.906 -5.9
3.907 -6.3
3.908 -6.8
3.909 -7.3
3.91 -7.7
3.911 -8.1
3.912 -8.5
3.913 -9.0
3.914 -9.5
3.915 -9.9
3.916 -10.3
3.917 -10.7
3.918 -11.1
3.919 -11.5
3.92 -11.9
3.921 -12.3
3.922 -12.7
3.923 -13.1
3.924 -13.4
3.925 -13.8
3.926 -14.1
3.927 -14.5
3.928 -14.9
3.929 -15.2
3.93 -15.6
3.931 -15.9
3.932 -16.2
3.933 -16.5
3.934 -16.9
3.935 -17.1
3.936 -17.4
3.937 -17.6
3.938 -17.9
3.939 -18.1
3.94 -18.4
3.941 -18.6
3.942 -18.8
3.943 -19.0
3.944 -19.1
3.945 -19.3
3.946 -19.4
3.947 -19.6
3.948 -19.7
3.949 -19.9
3.95 -20.0
3.951 -20.1
3.952 -20.2
3.953 -20.3
3.954 -20.4
3.955 -20.5
3.956 -20.5
3.957 -20.5
3.958 -20.5
3.959 -20.5
3.96 -20.5
3.961 -20.5
3.962 -20.5
3.963 -20.4
3.964 -20.3
3.965 -20.2
3.966 -20.1
3.967 -19.9
3.968 -19.7
3.969 -19.5
3.97 -19.4
3.971 -19.2
3.972 -19.0
3.973 -18.8
3.974 -18.5
3.975 -18.3
3.976 -18.0
3.977 -17.8
3.978 -17.6
3.979 -17.4
3.98 -17.1
3.981 -16.8
3.982 -16.6
3.983 -16.3
3.984 -16.1
3.985 -15.8
3.986 -15.6
3.987 -15.3
3.988 -14.9
3.989 -14.7
3.99 -14.4
3.991 -14.0
3.992 -13.7
3.993 -13.3
3.994 -13.0
3.995 -12.6
3.996 -12.2
3.997 -11.8
3.998 -11.3
3.999 -10.9
4.0 -10.4
